Text:  WHEN YOUR BOOTS WILL FILL WITH RAIN AND YOU'LL BE UP TO YOUR KNEES IN DISAPPOINTMENT AND THOSE 
Conf:  4
Ref:   0snNB1yS3IE

FRAME 	X 	Y 	W 	H 
003478 	0.397 	0.124 	0.079 	0.197 
003479 	0.394 	0.121 	0.080 	0.195 
003480 	0.392 	0.119 	0.081 	0.193 
003481 	0.381 	0.113 	0.086 	0.195 
003482 	0.377 	0.105 	0.088 	0.195 
003483 	0.375 	0.102 	0.085 	0.197 
003484 	0.372 	0.099 	0.085 	0.195 
003485 	0.369 	0.095 	0.087 	0.195 
003486 	0.365 	0.093 	0.087 	0.194 
003487 	0.364 	0.094 	0.087 	0.200 
003488 	0.362 	0.094 	0.087 	0.196 
003489 	0.361 	0.095 	0.086 	0.195 
003490 	0.361 	0.095 	0.086 	0.195 
003491 	0.360 	0.093 	0.085 	0.195 
003492 	0.361 	0.096 	0.082 	0.192 
003493 	0.360 	0.098 	0.082 	0.190 
003494 	0.358 	0.096 	0.082 	0.196 
003495 	0.358 	0.095 	0.082 	0.198 
003496 	0.358 	0.096 	0.082 	0.200 
003497 	0.357 	0.096 	0.079 	0.201 
003498 	0.356 	0.095 	0.079 	0.203 
003499 	0.356 	0.096 	0.079 	0.201 
003500 	0.355 	0.095 	0.079 	0.202 
003501 	0.354 	0.094 	0.078 	0.204 
003502 	0.354 	0.093 	0.078 	0.203 
003503 	0.356 	0.097 	0.075 	0.201 
003504 	0.357 	0.101 	0.074 	0.198 
003505 	0.356 	0.102 	0.073 	0.195 
003506 	0.356 	0.104 	0.073 	0.196 
003507 	0.357 	0.104 	0.072 	0.194 
003508 	0.358 	0.106 	0.071 	0.193 
003509 	0.359 	0.105 	0.071 	0.192 
003510 	0.359 	0.104 	0.071 	0.192 
003511 	0.361 	0.104 	0.069 	0.193 
003512 	0.362 	0.103 	0.067 	0.191 
003513 	0.363 	0.104 	0.068 	0.202 
003514 	0.364 	0.107 	0.068 	0.203 
003515 	0.364 	0.107 	0.068 	0.203 
003516 	0.365 	0.108 	0.068 	0.196 
003517 	0.367 	0.110 	0.073 	0.198 
003518 	0.367 	0.112 	0.072 	0.195 
003519 	0.369 	0.114 	0.069 	0.191 
003520 	0.371 	0.112 	0.068 	0.192 
003521 	0.374 	0.111 	0.068 	0.194 
003522 	0.376 	0.113 	0.067 	0.191 
003523 	0.378 	0.115 	0.065 	0.192 
003524 	0.379 	0.125 	0.065 	0.191 
003525 	0.380 	0.134 	0.067 	0.191 
003526 	0.382 	0.142 	0.066 	0.186 
003527 	0.384 	0.146 	0.066 	0.184 
003528 	0.388 	0.146 	0.066 	0.185 
003529 	0.390 	0.140 	0.064 	0.189 
003530 	0.392 	0.135 	0.066 	0.188 
003531 	0.395 	0.128 	0.071 	0.186 
003532 	0.397 	0.123 	0.073 	0.189 
003533 	0.398 	0.122 	0.077 	0.195 
003534 	0.398 	0.125 	0.079 	0.195 
003535 	0.397 	0.130 	0.083 	0.187 
003536 	0.394 	0.130 	0.088 	0.182 
003537 	0.392 	0.126 	0.090 	0.183 
003538 	0.392 	0.125 	0.086 	0.178 
003539 	0.391 	0.117 	0.085 	0.169 
003540 	0.391 	0.117 	0.085 	0.169 
003541 	0.389 	0.107 	0.086 	0.183 
003542 	0.387 	0.101 	0.087 	0.186 
003543 	0.387 	0.095 	0.084 	0.189 
003544 	0.389 	0.089 	0.073 	0.184 
003545 	0.388 	0.085 	0.071 	0.187 
003546 	0.388 	0.082 	0.070 	0.191 
003547 	0.385 	0.078 	0.070 	0.192 
003548 	0.385 	0.074 	0.067 	0.193 
003549 	0.383 	0.071 	0.066 	0.195 
003550 	0.381 	0.067 	0.070 	0.199 
003551 	0.379 	0.064 	0.068 	0.198 
003552 	0.377 	0.063 	0.066 	0.195 
003553 	0.376 	0.061 	0.066 	0.195 
003554 	0.372 	0.065 	0.069 	0.187 
003555 	0.371 	0.064 	0.069 	0.193 
003556 	0.369 	0.061 	0.070 	0.189 
003557 	0.368 	0.061 	0.061 	0.186 
003558 	0.369 	0.061 	0.059 	0.181 
003559 	0.367 	0.058 	0.061 	0.197 
003560 	0.365 	0.060 	0.063 	0.197 
003561 	0.364 	0.059 	0.064 	0.198 
003562 	0.364 	0.057 	0.063 	0.191 
003563 	0.364 	0.054 	0.065 	0.188 
003564 	0.363 	0.052 	0.067 	0.190 
003565 	0.363 	0.052 	0.067 	0.190 
003566 	0.363 	0.049 	0.069 	0.195 
003567 	0.363 	0.051 	0.067 	0.190 
003568 	0.359 	0.044 	0.075 	0.204 
003569 	0.357 	0.042 	0.078 	0.205 
003570 	0.356 	0.040 	0.079 	0.206 
003571 	0.354 	0.036 	0.080 	0.203 
003572 	0.353 	0.037 	0.082 	0.204 
003573 	0.353 	0.040 	0.081 	0.198 
003574 	0.352 	0.041 	0.082 	0.201 
003575 	0.353 	0.044 	0.080 	0.200 
003576 	0.353 	0.045 	0.081 	0.196 
003577 	0.353 	0.045 	0.081 	0.199 
003578 	0.353 	0.050 	0.081 	0.197 
003579 	0.353 	0.053 	0.080 	0.194 
003580 	0.354 	0.057 	0.080 	0.193 
003581 	0.355 	0.060 	0.080 	0.195 
003582 	0.355 	0.060 	0.080 	0.196 
003583 	0.355 	0.057 	0.081 	0.201 
003584 	0.356 	0.058 	0.081 	0.201 
003585 	0.357 	0.055 	0.081 	0.203 
003586 	0.358 	0.055 	0.080 	0.201 

WORD START END ASDSCORE
WHEN 0.08 0.21 1.5
YOUR 0.21 0.32 1.8
BOOTS 0.32 0.75 4.5
WILL 0.75 0.89 3.2
FILL 0.89 1.19 3.5
WITH 1.19 1.37 7.0
RAIN 1.37 1.71 8.8
AND 1.71 1.84 6.6
YOU'LL 1.84 1.98 4.4
BE 1.98 2.12 5.0
UP 2.12 2.23 5.7
TO 2.23 2.36 5.2
YOUR 2.36 2.51 2.4
KNEES 2.51 2.89 1.6
IN 2.89 2.97 3.3
DISAPPOINTMENT 2.97 3.62 6.4
AND 3.62 3.84 5.7
THOSE 3.84 4.26 4.1
