Text:  I HAD CREATED PROJECT V O I C E AS A WAY TO ENCOURAGE MY FRIENDS TO DO SPOKEN WORD WITH ME BUT PHIL AND I DECIDED TO REINVENT PROJECT V I C THIS TIME CHANGING THE MISSION TO USING SPOKEN WORD POETRY AS 
Conf:  2
Ref:   0snNB1yS3IE

FRAME 	X 	Y 	W 	H 
013353 	0.693 	0.133 	0.065 	0.152 
013354 	0.692 	0.127 	0.066 	0.154 
013355 	0.691 	0.124 	0.064 	0.152 
013356 	0.690 	0.119 	0.064 	0.152 
013357 	0.688 	0.117 	0.065 	0.147 
013358 	0.688 	0.109 	0.064 	0.153 
013359 	0.685 	0.104 	0.065 	0.154 
013360 	0.683 	0.102 	0.067 	0.156 
013361 	0.680 	0.097 	0.067 	0.155 
013362 	0.678 	0.094 	0.066 	0.160 
013363 	0.676 	0.094 	0.066 	0.159 
013364 	0.674 	0.093 	0.067 	0.158 
013365 	0.674 	0.093 	0.067 	0.158 
013366 	0.672 	0.093 	0.067 	0.154 
013367 	0.672 	0.091 	0.067 	0.155 
013368 	0.671 	0.090 	0.065 	0.156 
013369 	0.669 	0.091 	0.065 	0.153 
013370 	0.668 	0.090 	0.066 	0.155 
013371 	0.666 	0.087 	0.067 	0.160 
013372 	0.662 	0.087 	0.068 	0.162 
013373 	0.661 	0.089 	0.066 	0.163 
013374 	0.657 	0.086 	0.067 	0.160 
013375 	0.655 	0.087 	0.066 	0.158 
013376 	0.653 	0.090 	0.067 	0.157 
013377 	0.652 	0.092 	0.065 	0.157 
013378 	0.651 	0.092 	0.067 	0.154 
013379 	0.651 	0.090 	0.067 	0.153 
013380 	0.651 	0.090 	0.068 	0.154 
013381 	0.651 	0.091 	0.067 	0.150 
013382 	0.653 	0.090 	0.066 	0.151 
013383 	0.654 	0.090 	0.067 	0.156 
013384 	0.657 	0.090 	0.066 	0.161 
013385 	0.658 	0.091 	0.067 	0.166 
013386 	0.660 	0.095 	0.066 	0.158 
013387 	0.660 	0.097 	0.069 	0.156 
013388 	0.662 	0.100 	0.068 	0.153 
013389 	0.663 	0.102 	0.069 	0.155 
013390 	0.663 	0.102 	0.069 	0.155 
013391 	0.664 	0.101 	0.069 	0.156 
013392 	0.664 	0.101 	0.069 	0.158 
013393 	0.665 	0.102 	0.069 	0.157 
013394 	0.666 	0.100 	0.070 	0.157 
013395 	0.667 	0.101 	0.069 	0.152 
013396 	0.668 	0.101 	0.068 	0.154 
013397 	0.670 	0.096 	0.068 	0.160 
013398 	0.669 	0.094 	0.070 	0.161 
013399 	0.671 	0.095 	0.068 	0.158 
013400 	0.672 	0.096 	0.067 	0.157 
013401 	0.673 	0.101 	0.066 	0.154 
013402 	0.674 	0.102 	0.064 	0.152 
013403 	0.673 	0.100 	0.063 	0.154 
013404 	0.671 	0.098 	0.061 	0.151 
013405 	0.671 	0.097 	0.062 	0.152 
013406 	0.669 	0.094 	0.062 	0.150 
013407 	0.667 	0.092 	0.061 	0.153 
013408 	0.664 	0.093 	0.061 	0.150 
013409 	0.657 	0.089 	0.067 	0.149 
013410 	0.653 	0.085 	0.069 	0.153 
013411 	0.649 	0.087 	0.070 	0.150 
013412 	0.646 	0.088 	0.068 	0.150 
013413 	0.645 	0.089 	0.066 	0.147 
013414 	0.644 	0.088 	0.066 	0.157 
013415 	0.644 	0.088 	0.066 	0.157 
013416 	0.644 	0.088 	0.065 	0.155 
013417 	0.643 	0.085 	0.065 	0.160 
013418 	0.641 	0.088 	0.065 	0.153 
013419 	0.641 	0.089 	0.064 	0.148 
013420 	0.637 	0.089 	0.066 	0.145 
013421 	0.639 	0.088 	0.064 	0.149 
013422 	0.639 	0.087 	0.065 	0.157 
013423 	0.640 	0.087 	0.065 	0.157 
013424 	0.639 	0.091 	0.065 	0.152 
013425 	0.639 	0.093 	0.065 	0.152 
013426 	0.637 	0.095 	0.065 	0.152 
013427 	0.636 	0.095 	0.065 	0.153 
013428 	0.634 	0.095 	0.066 	0.150 
013429 	0.635 	0.096 	0.063 	0.152 
013430 	0.633 	0.096 	0.064 	0.152 
013431 	0.629 	0.098 	0.064 	0.152 
013432 	0.621 	0.101 	0.067 	0.150 
013433 	0.611 	0.106 	0.072 	0.144 
013434 	0.604 	0.111 	0.072 	0.139 
013435 	0.598 	0.111 	0.073 	0.139 
013436 	0.592 	0.107 	0.074 	0.143 
013437 	0.589 	0.106 	0.074 	0.150 
013438 	0.589 	0.107 	0.071 	0.150 
013439 	0.589 	0.108 	0.071 	0.150 
013440 	0.589 	0.108 	0.071 	0.150 
013441 	0.590 	0.107 	0.069 	0.151 
013442 	0.590 	0.107 	0.070 	0.151 
013443 	0.591 	0.106 	0.068 	0.151 
013444 	0.593 	0.105 	0.066 	0.153 
013445 	0.593 	0.105 	0.066 	0.156 
013446 	0.592 	0.102 	0.067 	0.156 
013447 	0.592 	0.103 	0.067 	0.155 
013448 	0.593 	0.103 	0.067 	0.159 
013449 	0.594 	0.105 	0.067 	0.156 
013450 	0.593 	0.105 	0.067 	0.155 
013451 	0.593 	0.104 	0.067 	0.154 
013452 	0.592 	0.105 	0.066 	0.151 
013453 	0.592 	0.106 	0.067 	0.152 
013454 	0.592 	0.104 	0.066 	0.157 
013455 	0.592 	0.105 	0.065 	0.154 
013456 	0.593 	0.106 	0.063 	0.151 
013457 	0.592 	0.107 	0.064 	0.151 
013458 	0.592 	0.108 	0.064 	0.148 
013459 	0.592 	0.105 	0.065 	0.151 
013460 	0.591 	0.106 	0.065 	0.150 
013461 	0.592 	0.105 	0.066 	0.151 
013462 	0.592 	0.104 	0.066 	0.152 
013463 	0.593 	0.106 	0.064 	0.150 
013464 	0.594 	0.104 	0.066 	0.156 
013465 	0.594 	0.104 	0.066 	0.156 
013466 	0.594 	0.107 	0.064 	0.155 
013467 	0.595 	0.113 	0.060 	0.149 
013468 	0.595 	0.121 	0.062 	0.146 
013469 	0.593 	0.134 	0.060 	0.138 
013470 	0.595 	0.143 	0.059 	0.137 
013471 	0.594 	0.160 	0.060 	0.132 
013472 	0.593 	0.170 	0.062 	0.130 
013473 	0.593 	0.178 	0.061 	0.133 
013474 	0.591 	0.180 	0.063 	0.134 
013475 	0.591 	0.174 	0.061 	0.135 
013476 	0.587 	0.169 	0.064 	0.138 
013477 	0.585 	0.160 	0.062 	0.146 
013478 	0.582 	0.156 	0.063 	0.145 
013479 	0.581 	0.150 	0.061 	0.149 
013480 	0.579 	0.142 	0.061 	0.152 
013481 	0.576 	0.136 	0.061 	0.157 
013482 	0.573 	0.135 	0.061 	0.152 
013483 	0.570 	0.126 	0.060 	0.158 
013484 	0.568 	0.120 	0.059 	0.158 
013485 	0.567 	0.110 	0.059 	0.163 
013486 	0.567 	0.105 	0.058 	0.163 
013487 	0.566 	0.105 	0.058 	0.161 
013488 	0.566 	0.108 	0.060 	0.151 
013489 	0.567 	0.107 	0.060 	0.148 
013490 	0.567 	0.107 	0.060 	0.148 
013491 	0.566 	0.102 	0.062 	0.153 
013492 	0.567 	0.100 	0.062 	0.151 
013493 	0.568 	0.095 	0.063 	0.155 
013494 	0.570 	0.093 	0.062 	0.158 
013495 	0.569 	0.091 	0.063 	0.162 
013496 	0.570 	0.090 	0.064 	0.161 
013497 	0.571 	0.088 	0.066 	0.160 
013498 	0.571 	0.088 	0.064 	0.154 
013499 	0.573 	0.085 	0.064 	0.154 
013500 	0.575 	0.084 	0.064 	0.155 
013501 	0.577 	0.086 	0.063 	0.152 
013502 	0.578 	0.086 	0.063 	0.151 
013503 	0.578 	0.084 	0.063 	0.148 
013504 	0.578 	0.082 	0.063 	0.152 
013505 	0.579 	0.082 	0.065 	0.149 
013506 	0.580 	0.083 	0.064 	0.150 
013507 	0.580 	0.082 	0.066 	0.150 
013508 	0.582 	0.083 	0.063 	0.147 
013509 	0.580 	0.083 	0.064 	0.146 
013510 	0.583 	0.082 	0.062 	0.146 
013511 	0.582 	0.082 	0.060 	0.144 
013512 	0.582 	0.082 	0.057 	0.156 
013513 	0.582 	0.081 	0.054 	0.156 
013514 	0.582 	0.083 	0.053 	0.152 
013515 	0.582 	0.083 	0.053 	0.152 
013516 	0.580 	0.085 	0.052 	0.143 
013517 	0.580 	0.083 	0.054 	0.143 
013518 	0.579 	0.081 	0.057 	0.152 
013519 	0.579 	0.079 	0.058 	0.156 
013520 	0.581 	0.083 	0.054 	0.151 
013521 	0.582 	0.087 	0.052 	0.143 
013522 	0.581 	0.086 	0.054 	0.149 
013523 	0.581 	0.090 	0.054 	0.153 
013524 	0.581 	0.087 	0.053 	0.158 
013525 	0.581 	0.086 	0.053 	0.155 
013526 	0.581 	0.085 	0.053 	0.156 
013527 	0.581 	0.085 	0.054 	0.157 
013528 	0.580 	0.086 	0.053 	0.157 
013529 	0.580 	0.090 	0.055 	0.160 
013530 	0.579 	0.089 	0.056 	0.158 
013531 	0.579 	0.091 	0.056 	0.153 
013532 	0.579 	0.093 	0.055 	0.150 
013533 	0.578 	0.093 	0.056 	0.151 
013534 	0.578 	0.092 	0.056 	0.153 
013535 	0.576 	0.088 	0.060 	0.162 
013536 	0.576 	0.089 	0.059 	0.162 
013537 	0.576 	0.090 	0.058 	0.159 
013538 	0.576 	0.091 	0.059 	0.159 
013539 	0.577 	0.089 	0.057 	0.159 
013540 	0.577 	0.089 	0.057 	0.159 
013541 	0.576 	0.087 	0.059 	0.158 
013542 	0.577 	0.087 	0.057 	0.156 
013543 	0.579 	0.086 	0.060 	0.159 
013544 	0.580 	0.092 	0.062 	0.155 
013545 	0.582 	0.095 	0.061 	0.153 
013546 	0.581 	0.094 	0.064 	0.155 
013547 	0.582 	0.094 	0.063 	0.157 
013548 	0.581 	0.094 	0.066 	0.159 
013549 	0.582 	0.096 	0.066 	0.155 
013550 	0.581 	0.097 	0.067 	0.151 
013551 	0.581 	0.095 	0.065 	0.153 
013552 	0.581 	0.094 	0.064 	0.157 
013553 	0.580 	0.094 	0.064 	0.158 
013554 	0.580 	0.095 	0.064 	0.160 
013555 	0.580 	0.097 	0.064 	0.163 
013556 	0.580 	0.098 	0.065 	0.160 
013557 	0.579 	0.098 	0.066 	0.160 
013558 	0.580 	0.099 	0.065 	0.159 
013559 	0.581 	0.099 	0.064 	0.162 
013560 	0.581 	0.103 	0.066 	0.158 
013561 	0.583 	0.109 	0.062 	0.155 
013562 	0.584 	0.111 	0.062 	0.154 
013563 	0.585 	0.113 	0.060 	0.150 
013564 	0.585 	0.113 	0.062 	0.154 
013565 	0.585 	0.113 	0.062 	0.154 
013566 	0.584 	0.113 	0.062 	0.154 
013567 	0.584 	0.116 	0.062 	0.153 
013568 	0.584 	0.119 	0.062 	0.154 
013569 	0.583 	0.119 	0.063 	0.158 
013570 	0.583 	0.119 	0.063 	0.159 
013571 	0.583 	0.118 	0.063 	0.159 
013572 	0.583 	0.116 	0.063 	0.161 
013573 	0.583 	0.116 	0.063 	0.160 
013574 	0.583 	0.115 	0.062 	0.159 
013575 	0.582 	0.115 	0.062 	0.164 
013576 	0.582 	0.112 	0.062 	0.165 
013577 	0.581 	0.111 	0.064 	0.164 
013578 	0.581 	0.109 	0.063 	0.163 
013579 	0.580 	0.108 	0.064 	0.161 
013580 	0.580 	0.106 	0.064 	0.162 
013581 	0.580 	0.105 	0.065 	0.165 
013582 	0.579 	0.103 	0.065 	0.164 
013583 	0.580 	0.101 	0.065 	0.161 
013584 	0.579 	0.098 	0.066 	0.159 
013585 	0.579 	0.097 	0.066 	0.153 
013586 	0.579 	0.095 	0.067 	0.155 
013587 	0.578 	0.094 	0.067 	0.156 
013588 	0.577 	0.093 	0.067 	0.157 
013589 	0.577 	0.089 	0.067 	0.159 
013590 	0.577 	0.089 	0.067 	0.159 
013591 	0.576 	0.086 	0.067 	0.159 
013592 	0.576 	0.085 	0.067 	0.151 
013593 	0.576 	0.083 	0.068 	0.152 
013594 	0.578 	0.084 	0.065 	0.149 
013595 	0.578 	0.086 	0.067 	0.147 
013596 	0.578 	0.085 	0.068 	0.149 
013597 	0.580 	0.083 	0.066 	0.149 
013598 	0.579 	0.083 	0.068 	0.144 
013599 	0.579 	0.080 	0.070 	0.145 
013600 	0.581 	0.080 	0.070 	0.148 
013601 	0.584 	0.082 	0.067 	0.155 
013602 	0.587 	0.085 	0.064 	0.156 
013603 	0.587 	0.085 	0.068 	0.154 
013604 	0.590 	0.087 	0.064 	0.153 
013605 	0.591 	0.089 	0.066 	0.150 
013606 	0.593 	0.091 	0.066 	0.148 
013607 	0.595 	0.093 	0.065 	0.146 
013608 	0.599 	0.096 	0.063 	0.144 
013609 	0.600 	0.096 	0.063 	0.147 
013610 	0.601 	0.097 	0.064 	0.148 
013611 	0.604 	0.097 	0.063 	0.153 
013612 	0.607 	0.100 	0.063 	0.153 
013613 	0.610 	0.101 	0.063 	0.150 
013614 	0.612 	0.101 	0.063 	0.149 
013615 	0.612 	0.101 	0.063 	0.149 
013616 	0.613 	0.103 	0.064 	0.146 
013617 	0.615 	0.103 	0.061 	0.146 
013618 	0.617 	0.101 	0.062 	0.149 
013619 	0.618 	0.101 	0.064 	0.151 
013620 	0.619 	0.099 	0.064 	0.154 
013621 	0.620 	0.098 	0.064 	0.158 
013622 	0.622 	0.100 	0.065 	0.155 
013623 	0.622 	0.101 	0.068 	0.151 
013624 	0.623 	0.100 	0.067 	0.152 
013625 	0.622 	0.099 	0.069 	0.152 
013626 	0.620 	0.097 	0.069 	0.155 
013627 	0.618 	0.095 	0.068 	0.160 
013628 	0.618 	0.093 	0.067 	0.161 
013629 	0.618 	0.095 	0.067 	0.159 

WORD START END ASDSCORE
I 0.07 0.17 2.7
HAD 0.17 0.36 7.2
CREATED 0.36 0.71 4.5
PROJECT 0.71 1.19 6.1
V 1.19 1.26 6.5
O 1.26 1.39 5.5
I 1.39 1.50 5.8
C 1.50 1.64 5.9
E 1.64 1.67 5.1
AS 1.67 1.77 5.7
A 1.77 1.81 7.2
WAY 1.81 1.93 7.5
TO 1.93 2.02 6.7
ENCOURAGE 2.02 2.48 6.4
MY 2.48 2.61 5.0
FRIENDS 2.61 3.10 9.6
TO 3.10 3.17 7.9
DO 3.17 3.29 6.6
SPOKEN 3.29 3.64 5.1
WORD 3.64 3.81 3.8
WITH 3.81 4.01 5.0
ME 4.01 4.23 6.0
BUT 4.47 4.62 6.8
PHIL 4.62 4.92 4.0
AND 4.92 5.01 2.9
I 5.01 5.26 5.9
DECIDED 5.50 5.90 7.3
TO 5.90 6.02 9.4
REINVENT 6.02 6.60 9.3
PROJECT 6.60 7.00 9.7
V 7.00 7.06 9.6
I 7.09 7.19 10.0
C 7.19 7.35 10.8
THIS 7.57 7.79 6.2
TIME 7.79 8.02 8.6
CHANGING 8.02 8.48 7.9
THE 8.48 8.54 4.2
MISSION 8.54 9.00 2.6
TO 9.12 9.48 4.3
USING 9.48 9.84 3.1
SPOKEN 9.84 10.19 4.9
WORD 10.19 10.33 3.7
POETRY 10.33 10.74 7.6
AS 10.74 10.94 12.5
