Text:  EDUCATE AND INSPIRE WE STAYED FULL TIME STUDENTS BUT IN BETWEEN WE TRAVELED 
Conf:  4
Ref:   0snNB1yS3IE

FRAME 	X 	Y 	W 	H 
013665 	0.389 	0.118 	0.170 	0.465 
013666 	0.390 	0.141 	0.172 	0.468 
013667 	0.393 	0.169 	0.173 	0.455 
013668 	0.403 	0.217 	0.159 	0.423 
013669 	0.387 	0.239 	0.179 	0.438 
013670 	0.394 	0.290 	0.167 	0.395 
013671 	0.390 	0.299 	0.166 	0.391 
013672 	0.385 	0.284 	0.166 	0.397 
013673 	0.385 	0.253 	0.167 	0.402 
013674 	0.383 	0.229 	0.165 	0.415 
013675 	0.378 	0.208 	0.170 	0.420 
013676 	0.374 	0.195 	0.171 	0.416 
013677 	0.371 	0.183 	0.168 	0.415 
013678 	0.362 	0.168 	0.169 	0.423 
013679 	0.352 	0.161 	0.172 	0.417 
013680 	0.341 	0.155 	0.176 	0.410 
013681 	0.338 	0.151 	0.176 	0.408 
013682 	0.336 	0.143 	0.176 	0.417 
013683 	0.335 	0.138 	0.176 	0.426 
013684 	0.333 	0.134 	0.175 	0.431 
013685 	0.332 	0.130 	0.175 	0.439 
013686 	0.332 	0.127 	0.174 	0.445 
013687 	0.328 	0.113 	0.171 	0.462 
013688 	0.329 	0.110 	0.168 	0.465 
013689 	0.329 	0.111 	0.169 	0.464 
013690 	0.329 	0.111 	0.169 	0.464 
013691 	0.329 	0.120 	0.172 	0.448 
013692 	0.328 	0.125 	0.173 	0.435 
013693 	0.324 	0.123 	0.174 	0.432 
013694 	0.321 	0.123 	0.173 	0.422 
013695 	0.317 	0.122 	0.172 	0.419 
013696 	0.311 	0.123 	0.168 	0.413 
013697 	0.300 	0.126 	0.168 	0.413 
013698 	0.293 	0.110 	0.169 	0.442 
013699 	0.290 	0.109 	0.167 	0.450 
013700 	0.289 	0.115 	0.166 	0.451 
013701 	0.287 	0.121 	0.166 	0.451 
013702 	0.284 	0.126 	0.166 	0.450 
013703 	0.283 	0.131 	0.168 	0.451 
013704 	0.280 	0.134 	0.168 	0.446 
013705 	0.275 	0.134 	0.170 	0.442 
013706 	0.274 	0.150 	0.168 	0.422 
013707 	0.271 	0.149 	0.170 	0.422 
013708 	0.268 	0.150 	0.170 	0.418 
013709 	0.264 	0.149 	0.172 	0.417 
013710 	0.260 	0.149 	0.172 	0.418 
013711 	0.257 	0.152 	0.170 	0.418 
013712 	0.255 	0.151 	0.169 	0.427 
013713 	0.252 	0.150 	0.170 	0.426 
013714 	0.249 	0.148 	0.169 	0.431 
013715 	0.249 	0.148 	0.169 	0.431 
013716 	0.249 	0.144 	0.166 	0.437 
013717 	0.250 	0.147 	0.166 	0.427 
013718 	0.251 	0.144 	0.169 	0.427 
013719 	0.255 	0.143 	0.173 	0.429 
013720 	0.261 	0.144 	0.173 	0.426 
013721 	0.266 	0.149 	0.172 	0.423 
013722 	0.265 	0.133 	0.174 	0.444 
013723 	0.266 	0.130 	0.174 	0.438 
013724 	0.277 	0.133 	0.172 	0.424 
013725 	0.283 	0.122 	0.171 	0.421 
013726 	0.284 	0.101 	0.172 	0.432 
013727 	0.293 	0.126 	0.166 	0.417 
013728 	0.299 	0.134 	0.163 	0.411 
013729 	0.302 	0.139 	0.165 	0.411 
013730 	0.305 	0.141 	0.163 	0.422 
013731 	0.311 	0.142 	0.163 	0.445 
013732 	0.315 	0.153 	0.158 	0.436 
013733 	0.317 	0.161 	0.160 	0.421 
013734 	0.318 	0.166 	0.159 	0.421 
013735 	0.322 	0.166 	0.157 	0.427 
013736 	0.326 	0.161 	0.154 	0.434 
013737 	0.329 	0.164 	0.153 	0.428 
013738 	0.330 	0.165 	0.158 	0.427 
013739 	0.337 	0.164 	0.157 	0.429 
013740 	0.337 	0.164 	0.157 	0.429 
013741 	0.341 	0.158 	0.159 	0.435 
013742 	0.346 	0.163 	0.158 	0.422 
013743 	0.348 	0.160 	0.154 	0.408 
013744 	0.359 	0.156 	0.145 	0.410 
013745 	0.366 	0.144 	0.139 	0.413 
013746 	0.371 	0.138 	0.132 	0.414 
013747 	0.373 	0.138 	0.129 	0.404 
013748 	0.372 	0.133 	0.125 	0.400 
013749 	0.373 	0.121 	0.117 	0.396 
013750 	0.366 	0.124 	0.118 	0.392 
013751 	0.357 	0.113 	0.120 	0.400 
013752 	0.349 	0.115 	0.121 	0.386 
013753 	0.343 	0.109 	0.114 	0.396 
013754 	0.334 	0.106 	0.113 	0.407 
013755 	0.331 	0.099 	0.112 	0.416 
013756 	0.329 	0.109 	0.109 	0.398 
013757 	0.327 	0.110 	0.107 	0.393 
013758 	0.324 	0.111 	0.105 	0.389 
013759 	0.310 	0.119 	0.112 	0.379 
013760 	0.305 	0.119 	0.114 	0.401 
013761 	0.301 	0.122 	0.114 	0.398 
013762 	0.291 	0.114 	0.120 	0.400 
013763 	0.284 	0.109 	0.124 	0.406 
013764 	0.279 	0.097 	0.127 	0.418 
013765 	0.279 	0.097 	0.127 	0.418 
013766 	0.274 	0.099 	0.135 	0.404 
013767 	0.267 	0.098 	0.141 	0.403 
013768 	0.265 	0.105 	0.145 	0.399 
013769 	0.265 	0.112 	0.147 	0.410 
013770 	0.266 	0.117 	0.149 	0.410 
013771 	0.268 	0.124 	0.151 	0.413 
013772 	0.269 	0.127 	0.156 	0.414 
013773 	0.272 	0.127 	0.157 	0.421 
013774 	0.276 	0.127 	0.156 	0.425 
013775 	0.279 	0.127 	0.155 	0.425 
013776 	0.281 	0.124 	0.154 	0.426 
013777 	0.282 	0.120 	0.154 	0.430 

WORD START END ASDSCORE
EDUCATE 0.09 0.64 5.4
AND 1.02 1.16 5.7
INSPIRE 1.16 1.65 9.8
WE 2.12 2.24 9.2
STAYED 2.24 2.49 11.4
FULL 2.49 2.65 10.8
TIME 2.65 2.85 7.9
STUDENTS 2.85 3.21 5.8
BUT 3.21 3.31 6.8
IN 3.31 3.40 7.0
BETWEEN 3.40 3.79 8.1
WE 3.79 3.90 8.2
TRAVELED 3.90 4.39 9.4
