Text:  AND THE POETS WHO PERFORMED ENCOURAGED ME TO SHARE MY STORIES AS WELL NEVER MIND THE FACT THAT I WAS 14 THEY TOLD ME WRITE ABOUT BEING 14 SO I DID AND STOOD AMAZED EVERY WEEK WHEN THESE BRILLIANT GROWN UP POETS LAUGHED WITH ME AND GROANED THEIR SYMPATHY AND CLAPPED AND TOLD ME HEY I REALLY FELT THAT TOO NOW I CAN DIVIDE MY SPOKEN WORD JOURNEY INTO THREE STEPS 
Conf:  4
Ref:   0snNB1yS3IE

FRAME 	X 	Y 	W 	H 
011250 	0.290 	0.167 	0.112 	0.302 
011251 	0.288 	0.164 	0.112 	0.307 
011252 	0.288 	0.162 	0.113 	0.310 
011253 	0.286 	0.159 	0.114 	0.310 
011254 	0.287 	0.152 	0.114 	0.310 
011255 	0.283 	0.152 	0.116 	0.299 
011256 	0.284 	0.146 	0.116 	0.300 
011257 	0.285 	0.145 	0.116 	0.302 
011258 	0.288 	0.144 	0.115 	0.298 
011259 	0.289 	0.145 	0.114 	0.293 
011260 	0.291 	0.142 	0.112 	0.293 
011261 	0.292 	0.143 	0.113 	0.292 
011262 	0.294 	0.142 	0.113 	0.291 
011263 	0.300 	0.141 	0.110 	0.286 
011264 	0.306 	0.131 	0.109 	0.293 
011265 	0.306 	0.131 	0.109 	0.293 
011266 	0.311 	0.128 	0.107 	0.296 
011267 	0.317 	0.126 	0.107 	0.297 
011268 	0.320 	0.127 	0.107 	0.295 
011269 	0.322 	0.127 	0.104 	0.296 
011270 	0.323 	0.128 	0.106 	0.294 
011271 	0.326 	0.128 	0.105 	0.287 
011272 	0.328 	0.127 	0.104 	0.284 
011273 	0.331 	0.126 	0.103 	0.284 
011274 	0.331 	0.125 	0.104 	0.285 
011275 	0.331 	0.125 	0.106 	0.287 
011276 	0.333 	0.124 	0.106 	0.290 
011277 	0.334 	0.126 	0.105 	0.288 
011278 	0.334 	0.124 	0.107 	0.290 
011279 	0.332 	0.118 	0.108 	0.297 
011280 	0.329 	0.122 	0.109 	0.297 
011281 	0.325 	0.120 	0.111 	0.304 
011282 	0.321 	0.124 	0.113 	0.299 
011283 	0.318 	0.128 	0.114 	0.298 
011284 	0.311 	0.133 	0.118 	0.301 
011285 	0.312 	0.129 	0.116 	0.315 
011286 	0.312 	0.127 	0.118 	0.316 
011287 	0.314 	0.124 	0.119 	0.316 
011288 	0.315 	0.126 	0.120 	0.313 
011289 	0.314 	0.128 	0.122 	0.311 
011290 	0.314 	0.128 	0.122 	0.311 
011291 	0.315 	0.128 	0.121 	0.311 
011292 	0.317 	0.132 	0.120 	0.308 
011293 	0.317 	0.133 	0.124 	0.311 
011294 	0.322 	0.132 	0.122 	0.316 
011295 	0.324 	0.136 	0.121 	0.315 
011296 	0.327 	0.135 	0.121 	0.318 
011297 	0.329 	0.134 	0.122 	0.317 
011298 	0.334 	0.135 	0.119 	0.317 
011299 	0.336 	0.133 	0.122 	0.321 
011300 	0.340 	0.134 	0.122 	0.318 
011301 	0.342 	0.131 	0.125 	0.314 
011302 	0.347 	0.130 	0.125 	0.311 
011303 	0.351 	0.133 	0.124 	0.308 
011304 	0.354 	0.134 	0.123 	0.307 
011305 	0.358 	0.144 	0.122 	0.300 
011306 	0.357 	0.145 	0.124 	0.304 
011307 	0.354 	0.139 	0.127 	0.313 
011308 	0.354 	0.139 	0.127 	0.314 
011309 	0.355 	0.141 	0.126 	0.314 
011310 	0.358 	0.142 	0.125 	0.318 
011311 	0.359 	0.144 	0.126 	0.322 
011312 	0.359 	0.145 	0.127 	0.326 
011313 	0.360 	0.144 	0.128 	0.328 
011314 	0.357 	0.141 	0.134 	0.316 
011315 	0.357 	0.141 	0.134 	0.316 
011316 	0.359 	0.138 	0.129 	0.313 
011317 	0.356 	0.131 	0.129 	0.316 
011318 	0.348 	0.125 	0.135 	0.328 
011319 	0.343 	0.122 	0.134 	0.330 
011320 	0.336 	0.129 	0.134 	0.317 
011321 	0.330 	0.137 	0.135 	0.310 
011322 	0.330 	0.137 	0.135 	0.310 
011323 	0.327 	0.141 	0.132 	0.315 
011324 	0.323 	0.145 	0.130 	0.315 
011325 	0.317 	0.143 	0.132 	0.318 
011326 	0.313 	0.139 	0.131 	0.318 
011327 	0.311 	0.137 	0.132 	0.320 
011328 	0.308 	0.140 	0.132 	0.314 
011329 	0.309 	0.142 	0.135 	0.313 
011330 	0.307 	0.141 	0.136 	0.313 
011331 	0.307 	0.140 	0.135 	0.315 
011332 	0.309 	0.144 	0.133 	0.315 
011333 	0.309 	0.147 	0.132 	0.314 
011334 	0.307 	0.149 	0.134 	0.311 
011335 	0.309 	0.148 	0.132 	0.315 
011336 	0.309 	0.146 	0.133 	0.322 
011337 	0.310 	0.147 	0.132 	0.326 
011338 	0.310 	0.147 	0.133 	0.323 
011339 	0.308 	0.147 	0.136 	0.316 
011340 	0.308 	0.147 	0.136 	0.316 
011341 	0.308 	0.149 	0.133 	0.309 
011342 	0.311 	0.151 	0.131 	0.307 
011343 	0.312 	0.153 	0.131 	0.304 
011344 	0.314 	0.153 	0.131 	0.305 
011345 	0.315 	0.150 	0.131 	0.309 
011346 	0.318 	0.151 	0.130 	0.315 
011347 	0.321 	0.154 	0.129 	0.314 
011348 	0.325 	0.154 	0.131 	0.306 
011349 	0.330 	0.151 	0.131 	0.304 
011350 	0.337 	0.146 	0.131 	0.304 
011351 	0.350 	0.143 	0.125 	0.301 
011352 	0.358 	0.141 	0.122 	0.296 
011353 	0.362 	0.134 	0.123 	0.292 
011354 	0.364 	0.125 	0.126 	0.294 
011355 	0.364 	0.113 	0.132 	0.305 
011356 	0.361 	0.104 	0.129 	0.320 
011357 	0.365 	0.109 	0.127 	0.310 
011358 	0.369 	0.111 	0.128 	0.302 
011359 	0.375 	0.113 	0.127 	0.298 
011360 	0.380 	0.117 	0.129 	0.297 
011361 	0.386 	0.115 	0.126 	0.300 
011362 	0.389 	0.119 	0.125 	0.305 
011363 	0.391 	0.123 	0.126 	0.313 
011364 	0.392 	0.129 	0.127 	0.314 
011365 	0.392 	0.129 	0.127 	0.314 
011366 	0.396 	0.135 	0.127 	0.300 
011367 	0.404 	0.146 	0.123 	0.284 
011368 	0.416 	0.147 	0.115 	0.290 
011369 	0.420 	0.145 	0.114 	0.299 
011370 	0.419 	0.149 	0.114 	0.296 
011371 	0.413 	0.154 	0.116 	0.291 
011372 	0.408 	0.156 	0.115 	0.289 
011373 	0.405 	0.155 	0.115 	0.291 
011374 	0.399 	0.157 	0.118 	0.287 
011375 	0.394 	0.158 	0.116 	0.288 
011376 	0.388 	0.162 	0.118 	0.295 
011377 	0.384 	0.169 	0.119 	0.297 
011378 	0.377 	0.169 	0.121 	0.300 
011379 	0.371 	0.177 	0.121 	0.295 
011380 	0.367 	0.188 	0.121 	0.287 
011381 	0.364 	0.192 	0.118 	0.292 
011382 	0.354 	0.195 	0.120 	0.291 
011383 	0.349 	0.198 	0.120 	0.289 
011384 	0.342 	0.196 	0.121 	0.293 
011385 	0.338 	0.195 	0.117 	0.294 
011386 	0.332 	0.195 	0.120 	0.295 
011387 	0.326 	0.193 	0.119 	0.296 
011388 	0.323 	0.188 	0.118 	0.297 
011389 	0.319 	0.181 	0.119 	0.298 
011390 	0.319 	0.181 	0.119 	0.298 
011391 	0.314 	0.172 	0.119 	0.299 
011392 	0.313 	0.166 	0.117 	0.297 
011393 	0.309 	0.156 	0.114 	0.293 
011394 	0.305 	0.145 	0.115 	0.295 
011395 	0.302 	0.135 	0.115 	0.292 
011396 	0.299 	0.121 	0.116 	0.301 
011397 	0.299 	0.115 	0.115 	0.304 
011398 	0.295 	0.107 	0.119 	0.303 
011399 	0.296 	0.103 	0.114 	0.303 
011400 	0.296 	0.101 	0.114 	0.305 
011401 	0.297 	0.104 	0.112 	0.300 
011402 	0.297 	0.104 	0.112 	0.291 
011403 	0.297 	0.104 	0.112 	0.289 
011404 	0.299 	0.101 	0.111 	0.291 
011405 	0.300 	0.099 	0.112 	0.290 
011406 	0.299 	0.100 	0.111 	0.283 
011407 	0.298 	0.100 	0.112 	0.284 
011408 	0.298 	0.101 	0.112 	0.284 
011409 	0.298 	0.103 	0.111 	0.284 
011410 	0.302 	0.103 	0.109 	0.290 
011411 	0.305 	0.101 	0.108 	0.292 
011412 	0.310 	0.104 	0.107 	0.292 
011413 	0.314 	0.111 	0.107 	0.285 
011414 	0.319 	0.116 	0.107 	0.282 
011415 	0.319 	0.116 	0.107 	0.282 
011416 	0.326 	0.129 	0.105 	0.269 
011417 	0.335 	0.148 	0.102 	0.259 
011418 	0.341 	0.156 	0.103 	0.256 
011419 	0.353 	0.166 	0.105 	0.250 
011420 	0.362 	0.173 	0.100 	0.248 
011421 	0.370 	0.175 	0.102 	0.256 
011422 	0.380 	0.174 	0.101 	0.254 
011423 	0.387 	0.174 	0.103 	0.259 
011424 	0.393 	0.171 	0.108 	0.266 
011425 	0.400 	0.170 	0.104 	0.274 
011426 	0.405 	0.169 	0.103 	0.283 
011427 	0.411 	0.171 	0.103 	0.282 
011428 	0.414 	0.166 	0.103 	0.283 
011429 	0.416 	0.164 	0.106 	0.285 
011430 	0.419 	0.164 	0.107 	0.292 
011431 	0.423 	0.166 	0.106 	0.296 
011432 	0.425 	0.167 	0.107 	0.294 
011433 	0.425 	0.164 	0.108 	0.292 
011434 	0.424 	0.160 	0.108 	0.291 
011435 	0.421 	0.155 	0.109 	0.294 
011436 	0.415 	0.156 	0.110 	0.286 
011437 	0.403 	0.146 	0.111 	0.285 
011438 	0.396 	0.141 	0.108 	0.284 
011439 	0.391 	0.137 	0.109 	0.283 
011440 	0.391 	0.137 	0.109 	0.283 
011441 	0.388 	0.127 	0.112 	0.288 
011442 	0.385 	0.124 	0.113 	0.289 
011443 	0.383 	0.123 	0.115 	0.291 
011444 	0.386 	0.123 	0.114 	0.287 
011445 	0.389 	0.122 	0.115 	0.286 
011446 	0.395 	0.124 	0.112 	0.287 
011447 	0.401 	0.136 	0.107 	0.285 
011448 	0.404 	0.145 	0.110 	0.284 
011449 	0.411 	0.149 	0.109 	0.288 
011450 	0.413 	0.151 	0.110 	0.292 
011451 	0.417 	0.158 	0.110 	0.291 
011452 	0.422 	0.167 	0.107 	0.284 
011453 	0.425 	0.172 	0.107 	0.285 
011454 	0.427 	0.176 	0.107 	0.287 
011455 	0.429 	0.185 	0.104 	0.285 
011456 	0.430 	0.191 	0.105 	0.289 
011457 	0.432 	0.198 	0.103 	0.288 
011458 	0.433 	0.205 	0.105 	0.287 
011459 	0.436 	0.210 	0.103 	0.285 
011460 	0.436 	0.213 	0.109 	0.288 
011461 	0.436 	0.217 	0.111 	0.290 
011462 	0.433 	0.216 	0.112 	0.296 
011463 	0.430 	0.217 	0.115 	0.295 
011464 	0.427 	0.218 	0.116 	0.295 
011465 	0.427 	0.218 	0.116 	0.295 
011466 	0.423 	0.210 	0.122 	0.300 
011467 	0.423 	0.209 	0.121 	0.295 
011468 	0.420 	0.204 	0.123 	0.297 
011469 	0.421 	0.200 	0.123 	0.301 
011470 	0.421 	0.196 	0.123 	0.304 
011471 	0.421 	0.193 	0.124 	0.307 
011472 	0.421 	0.192 	0.123 	0.308 
011473 	0.419 	0.190 	0.124 	0.315 
011474 	0.420 	0.187 	0.123 	0.317 
011475 	0.419 	0.185 	0.124 	0.317 
011476 	0.419 	0.181 	0.124 	0.319 
011477 	0.417 	0.179 	0.125 	0.320 
011478 	0.419 	0.180 	0.123 	0.315 
011479 	0.413 	0.184 	0.125 	0.313 
011480 	0.405 	0.176 	0.127 	0.316 
011481 	0.402 	0.173 	0.126 	0.309 
011482 	0.398 	0.159 	0.128 	0.319 
011483 	0.396 	0.150 	0.129 	0.328 
011484 	0.391 	0.145 	0.135 	0.330 
011485 	0.391 	0.141 	0.137 	0.330 
011486 	0.393 	0.142 	0.136 	0.330 
011487 	0.397 	0.147 	0.135 	0.332 
011488 	0.402 	0.152 	0.134 	0.336 
011489 	0.412 	0.159 	0.130 	0.343 
011490 	0.412 	0.159 	0.130 	0.343 
011491 	0.418 	0.172 	0.130 	0.333 
011492 	0.418 	0.174 	0.127 	0.328 
011493 	0.421 	0.175 	0.126 	0.332 
011494 	0.422 	0.176 	0.126 	0.331 
011495 	0.422 	0.176 	0.125 	0.327 
011496 	0.422 	0.178 	0.125 	0.326 
011497 	0.423 	0.181 	0.124 	0.324 
011498 	0.420 	0.181 	0.126 	0.331 
011499 	0.419 	0.183 	0.129 	0.327 
011500 	0.417 	0.181 	0.130 	0.327 
011501 	0.417 	0.182 	0.132 	0.331 
011502 	0.414 	0.181 	0.132 	0.330 
011503 	0.409 	0.177 	0.134 	0.338 
011504 	0.405 	0.178 	0.134 	0.347 
011505 	0.404 	0.178 	0.133 	0.345 
011506 	0.401 	0.176 	0.133 	0.343 
011507 	0.395 	0.172 	0.136 	0.336 
011508 	0.391 	0.164 	0.135 	0.333 
011509 	0.386 	0.159 	0.135 	0.333 
011510 	0.379 	0.156 	0.137 	0.332 
011511 	0.375 	0.157 	0.134 	0.338 
011512 	0.372 	0.161 	0.133 	0.349 
011513 	0.372 	0.161 	0.131 	0.354 
011514 	0.372 	0.163 	0.130 	0.345 
011515 	0.372 	0.163 	0.130 	0.345 
011516 	0.375 	0.168 	0.130 	0.334 
011517 	0.380 	0.171 	0.130 	0.331 
011518 	0.383 	0.171 	0.131 	0.334 
011519 	0.386 	0.177 	0.132 	0.334 
011520 	0.386 	0.179 	0.133 	0.337 
011521 	0.387 	0.180 	0.134 	0.336 
011522 	0.386 	0.178 	0.135 	0.342 
011523 	0.385 	0.174 	0.136 	0.337 
011524 	0.382 	0.177 	0.136 	0.341 
011525 	0.382 	0.175 	0.135 	0.348 
011526 	0.381 	0.177 	0.138 	0.344 
011527 	0.380 	0.178 	0.138 	0.349 
011528 	0.379 	0.180 	0.139 	0.346 
011529 	0.377 	0.181 	0.140 	0.344 
011530 	0.377 	0.181 	0.140 	0.344 
011531 	0.375 	0.180 	0.141 	0.344 
011532 	0.375 	0.179 	0.140 	0.347 
011533 	0.373 	0.178 	0.141 	0.346 
011534 	0.374 	0.176 	0.140 	0.344 
011535 	0.372 	0.175 	0.140 	0.344 
011536 	0.372 	0.174 	0.140 	0.343 
011537 	0.368 	0.173 	0.141 	0.347 
011538 	0.367 	0.173 	0.140 	0.353 
011539 	0.368 	0.174 	0.136 	0.357 
011540 	0.368 	0.174 	0.136 	0.357 
011541 	0.367 	0.170 	0.136 	0.359 
011542 	0.366 	0.169 	0.134 	0.359 
011543 	0.364 	0.169 	0.136 	0.350 
011544 	0.362 	0.168 	0.138 	0.349 
011545 	0.361 	0.168 	0.138 	0.343 
011546 	0.358 	0.167 	0.139 	0.346 
011547 	0.359 	0.171 	0.135 	0.333 
011548 	0.359 	0.170 	0.139 	0.334 
011549 	0.353 	0.166 	0.143 	0.327 
011550 	0.352 	0.161 	0.144 	0.334 
011551 	0.350 	0.155 	0.144 	0.334 
011552 	0.350 	0.150 	0.144 	0.336 
011553 	0.347 	0.148 	0.147 	0.339 
011554 	0.345 	0.147 	0.145 	0.342 
011555 	0.343 	0.146 	0.143 	0.344 
011556 	0.341 	0.151 	0.144 	0.339 
011557 	0.338 	0.151 	0.142 	0.343 
011558 	0.336 	0.152 	0.142 	0.345 
011559 	0.336 	0.154 	0.140 	0.344 
011560 	0.335 	0.155 	0.140 	0.350 
011561 	0.336 	0.159 	0.139 	0.356 
011562 	0.335 	0.161 	0.140 	0.355 
011563 	0.335 	0.164 	0.140 	0.359 
011564 	0.336 	0.171 	0.141 	0.358 
011565 	0.336 	0.171 	0.141 	0.358 
011566 	0.335 	0.177 	0.141 	0.354 
011567 	0.332 	0.177 	0.142 	0.348 
011568 	0.327 	0.178 	0.144 	0.345 
011569 	0.323 	0.175 	0.143 	0.353 
011570 	0.320 	0.168 	0.139 	0.369 
011571 	0.320 	0.164 	0.134 	0.364 
011572 	0.317 	0.155 	0.134 	0.366 
011573 	0.318 	0.152 	0.135 	0.360 
011574 	0.320 	0.151 	0.136 	0.363 
011575 	0.322 	0.154 	0.138 	0.364 
011576 	0.325 	0.158 	0.143 	0.353 
011577 	0.329 	0.166 	0.141 	0.353 
011578 	0.330 	0.172 	0.146 	0.356 
011579 	0.336 	0.173 	0.143 	0.364 
011580 	0.342 	0.177 	0.143 	0.366 
011581 	0.345 	0.178 	0.143 	0.363 
011582 	0.345 	0.180 	0.144 	0.364 
011583 	0.344 	0.183 	0.145 	0.358 
011584 	0.341 	0.181 	0.148 	0.358 
011585 	0.338 	0.185 	0.147 	0.350 
011586 	0.334 	0.187 	0.146 	0.344 
011587 	0.329 	0.188 	0.145 	0.345 
011588 	0.321 	0.188 	0.146 	0.344 
011589 	0.311 	0.182 	0.147 	0.349 
011590 	0.311 	0.182 	0.147 	0.349 
011591 	0.306 	0.173 	0.146 	0.366 
011592 	0.301 	0.170 	0.147 	0.372 
011593 	0.298 	0.171 	0.149 	0.370 
011594 	0.299 	0.185 	0.150 	0.343 
011595 	0.296 	0.192 	0.153 	0.341 
011596 	0.296 	0.196 	0.154 	0.345 
011597 	0.299 	0.190 	0.150 	0.355 
011598 	0.300 	0.189 	0.149 	0.354 
011599 	0.301 	0.186 	0.149 	0.359 
011600 	0.303 	0.179 	0.149 	0.359 
011601 	0.304 	0.173 	0.149 	0.360 
011602 	0.303 	0.168 	0.150 	0.364 
011603 	0.303 	0.164 	0.152 	0.363 
011604 	0.302 	0.157 	0.152 	0.367 
011605 	0.304 	0.154 	0.151 	0.369 
011606 	0.304 	0.151 	0.149 	0.371 
011607 	0.306 	0.152 	0.148 	0.366 
011608 	0.308 	0.150 	0.148 	0.361 
011609 	0.310 	0.149 	0.149 	0.357 
011610 	0.314 	0.145 	0.150 	0.359 
011611 	0.314 	0.143 	0.154 	0.356 
011612 	0.323 	0.139 	0.151 	0.357 
011613 	0.331 	0.141 	0.151 	0.363 
011614 	0.341 	0.145 	0.149 	0.366 
011615 	0.341 	0.145 	0.149 	0.366 
011616 	0.350 	0.151 	0.151 	0.362 
011617 	0.354 	0.164 	0.153 	0.355 
011618 	0.365 	0.182 	0.153 	0.355 
011619 	0.374 	0.195 	0.152 	0.358 
011620 	0.383 	0.205 	0.146 	0.362 
011621 	0.385 	0.217 	0.149 	0.363 
011622 	0.383 	0.226 	0.151 	0.363 
011623 	0.380 	0.226 	0.151 	0.360 
011624 	0.371 	0.219 	0.156 	0.361 
011625 	0.363 	0.215 	0.154 	0.358 
011626 	0.352 	0.206 	0.156 	0.363 
011627 	0.343 	0.198 	0.157 	0.358 
011628 	0.330 	0.188 	0.156 	0.362 
011629 	0.317 	0.175 	0.158 	0.360 
011630 	0.302 	0.167 	0.158 	0.366 
011631 	0.295 	0.163 	0.160 	0.365 
011632 	0.288 	0.161 	0.157 	0.358 
011633 	0.283 	0.159 	0.156 	0.358 
011634 	0.280 	0.157 	0.153 	0.366 
011635 	0.277 	0.155 	0.154 	0.370 
011636 	0.276 	0.157 	0.154 	0.374 
011637 	0.275 	0.158 	0.156 	0.380 
011638 	0.277 	0.163 	0.155 	0.382 
011639 	0.276 	0.169 	0.158 	0.376 
011640 	0.276 	0.169 	0.158 	0.376 
011641 	0.277 	0.176 	0.159 	0.369 
011642 	0.278 	0.178 	0.159 	0.376 
011643 	0.281 	0.182 	0.157 	0.381 
011644 	0.283 	0.182 	0.157 	0.383 
011645 	0.285 	0.188 	0.158 	0.384 
011646 	0.290 	0.199 	0.156 	0.390 
011647 	0.298 	0.216 	0.152 	0.392 
011648 	0.306 	0.234 	0.150 	0.391 
011649 	0.316 	0.250 	0.151 	0.378 
011650 	0.320 	0.261 	0.159 	0.371 
011651 	0.327 	0.264 	0.161 	0.366 
011652 	0.331 	0.264 	0.162 	0.365 
011653 	0.336 	0.255 	0.160 	0.370 
011654 	0.341 	0.247 	0.156 	0.377 
011655 	0.342 	0.241 	0.158 	0.381 
011656 	0.344 	0.234 	0.158 	0.385 
011657 	0.347 	0.219 	0.160 	0.397 
011658 	0.347 	0.215 	0.159 	0.403 
011659 	0.348 	0.207 	0.160 	0.402 
011660 	0.350 	0.203 	0.161 	0.390 
011661 	0.353 	0.197 	0.161 	0.379 
011662 	0.358 	0.188 	0.162 	0.375 
011663 	0.361 	0.182 	0.161 	0.375 
011664 	0.364 	0.174 	0.158 	0.370 
011665 	0.364 	0.174 	0.158 	0.370 
011666 	0.366 	0.165 	0.161 	0.372 
011667 	0.371 	0.154 	0.162 	0.371 
011668 	0.374 	0.148 	0.162 	0.380 
011669 	0.375 	0.152 	0.164 	0.378 
011670 	0.377 	0.149 	0.162 	0.397 
011671 	0.379 	0.149 	0.158 	0.405 
011672 	0.380 	0.145 	0.157 	0.415 
011673 	0.379 	0.135 	0.158 	0.425 
011674 	0.379 	0.133 	0.159 	0.421 
011675 	0.377 	0.132 	0.161 	0.420 
011676 	0.373 	0.128 	0.164 	0.418 
011677 	0.370 	0.130 	0.165 	0.413 
011678 	0.367 	0.125 	0.166 	0.417 
011679 	0.366 	0.120 	0.164 	0.416 
011680 	0.363 	0.113 	0.166 	0.416 
011681 	0.363 	0.111 	0.165 	0.412 
011682 	0.360 	0.116 	0.169 	0.408 
011683 	0.362 	0.114 	0.169 	0.419 
011684 	0.364 	0.107 	0.166 	0.434 
011685 	0.366 	0.114 	0.165 	0.442 
011686 	0.368 	0.122 	0.161 	0.447 
011687 	0.370 	0.132 	0.157 	0.444 
011688 	0.369 	0.136 	0.159 	0.444 
011689 	0.369 	0.136 	0.161 	0.436 
011690 	0.369 	0.136 	0.161 	0.436 
011691 	0.368 	0.136 	0.164 	0.416 
011692 	0.365 	0.132 	0.165 	0.411 
011693 	0.361 	0.129 	0.167 	0.412 
011694 	0.358 	0.130 	0.167 	0.409 
011695 	0.357 	0.133 	0.164 	0.406 
011696 	0.354 	0.137 	0.165 	0.405 
011697 	0.350 	0.136 	0.166 	0.405 
011698 	0.342 	0.135 	0.171 	0.408 
011699 	0.342 	0.129 	0.171 	0.414 
011700 	0.337 	0.123 	0.172 	0.421 
011701 	0.328 	0.127 	0.175 	0.415 
011702 	0.319 	0.132 	0.174 	0.404 
011703 	0.314 	0.141 	0.174 	0.399 
011704 	0.308 	0.135 	0.174 	0.426 
011705 	0.306 	0.138 	0.169 	0.440 
011706 	0.300 	0.148 	0.172 	0.423 
011707 	0.298 	0.166 	0.172 	0.413 
011708 	0.300 	0.166 	0.167 	0.412 
011709 	0.297 	0.172 	0.167 	0.413 
011710 	0.299 	0.174 	0.163 	0.417 
011711 	0.298 	0.174 	0.164 	0.419 
011712 	0.298 	0.172 	0.165 	0.419 
011713 	0.299 	0.171 	0.164 	0.413 
011714 	0.296 	0.170 	0.165 	0.413 
011715 	0.296 	0.170 	0.165 	0.413 
011716 	0.297 	0.167 	0.165 	0.418 
011717 	0.294 	0.168 	0.169 	0.412 
011718 	0.295 	0.167 	0.170 	0.405 
011719 	0.296 	0.166 	0.171 	0.401 
011720 	0.298 	0.167 	0.170 	0.398 
011721 	0.297 	0.165 	0.174 	0.401 
011722 	0.297 	0.162 	0.173 	0.407 
011723 	0.299 	0.159 	0.173 	0.415 
011724 	0.299 	0.147 	0.172 	0.431 
011725 	0.301 	0.147 	0.172 	0.436 
011726 	0.300 	0.149 	0.171 	0.431 
011727 	0.301 	0.150 	0.169 	0.428 
011728 	0.298 	0.148 	0.171 	0.434 
011729 	0.300 	0.145 	0.169 	0.434 
011730 	0.298 	0.146 	0.170 	0.435 
011731 	0.302 	0.157 	0.169 	0.428 
011732 	0.306 	0.160 	0.170 	0.427 
011733 	0.314 	0.156 	0.171 	0.436 
011734 	0.321 	0.159 	0.170 	0.429 
011735 	0.325 	0.155 	0.172 	0.437 
011736 	0.328 	0.160 	0.173 	0.431 
011737 	0.333 	0.150 	0.172 	0.434 
011738 	0.340 	0.135 	0.169 	0.442 
011739 	0.343 	0.127 	0.164 	0.457 
011740 	0.343 	0.127 	0.164 	0.457 
011741 	0.346 	0.123 	0.160 	0.464 
011742 	0.346 	0.130 	0.160 	0.466 
011743 	0.349 	0.153 	0.158 	0.443 
011744 	0.347 	0.178 	0.158 	0.427 
011745 	0.351 	0.201 	0.152 	0.415 
011746 	0.348 	0.216 	0.146 	0.414 
011747 	0.341 	0.222 	0.142 	0.400 
011748 	0.338 	0.227 	0.135 	0.398 
011749 	0.330 	0.224 	0.129 	0.380 
011750 	0.322 	0.220 	0.123 	0.370 
011751 	0.310 	0.219 	0.122 	0.354 
011752 	0.305 	0.207 	0.119 	0.374 
011753 	0.290 	0.191 	0.114 	0.380 
011754 	0.278 	0.182 	0.113 	0.391 
011755 	0.273 	0.175 	0.113 	0.397 
011756 	0.271 	0.175 	0.110 	0.401 
011757 	0.271 	0.176 	0.107 	0.389 
011758 	0.270 	0.174 	0.107 	0.390 
011759 	0.263 	0.170 	0.110 	0.390 
011760 	0.263 	0.176 	0.109 	0.398 
011761 	0.265 	0.177 	0.108 	0.400 
011762 	0.272 	0.173 	0.106 	0.401 
011763 	0.274 	0.173 	0.105 	0.402 
011764 	0.276 	0.168 	0.110 	0.398 
011765 	0.276 	0.168 	0.110 	0.398 
011766 	0.279 	0.165 	0.110 	0.407 
011767 	0.280 	0.158 	0.112 	0.410 
011768 	0.278 	0.156 	0.120 	0.405 
011769 	0.279 	0.159 	0.124 	0.396 
011770 	0.275 	0.162 	0.134 	0.392 
011771 	0.277 	0.159 	0.140 	0.400 
011772 	0.278 	0.158 	0.145 	0.398 
011773 	0.281 	0.151 	0.147 	0.411 
011774 	0.283 	0.150 	0.150 	0.414 
011775 	0.285 	0.145 	0.156 	0.418 
011776 	0.289 	0.139 	0.160 	0.415 
011777 	0.295 	0.142 	0.163 	0.404 
011778 	0.312 	0.145 	0.157 	0.395 
011779 	0.327 	0.144 	0.159 	0.399 
011780 	0.345 	0.143 	0.158 	0.395 
011781 	0.352 	0.143 	0.158 	0.392 
011782 	0.361 	0.141 	0.156 	0.387 
011783 	0.363 	0.129 	0.158 	0.402 
011784 	0.367 	0.123 	0.164 	0.403 
011785 	0.376 	0.121 	0.166 	0.407 
011786 	0.386 	0.126 	0.167 	0.408 
011787 	0.397 	0.132 	0.166 	0.407 
011788 	0.399 	0.133 	0.169 	0.400 
011789 	0.408 	0.120 	0.164 	0.419 
011790 	0.408 	0.120 	0.164 	0.419 
011791 	0.415 	0.108 	0.163 	0.436 
011792 	0.425 	0.102 	0.164 	0.433 
011793 	0.436 	0.107 	0.165 	0.420 
011794 	0.447 	0.108 	0.159 	0.419 
011795 	0.454 	0.117 	0.165 	0.410 
011796 	0.465 	0.123 	0.160 	0.399 
011797 	0.473 	0.125 	0.159 	0.400 
011798 	0.481 	0.125 	0.160 	0.404 
011799 	0.488 	0.125 	0.163 	0.416 
011800 	0.495 	0.127 	0.162 	0.415 
011801 	0.503 	0.130 	0.162 	0.414 
011802 	0.517 	0.150 	0.154 	0.404 
011803 	0.536 	0.168 	0.137 	0.399 
011804 	0.549 	0.167 	0.127 	0.398 
011805 	0.554 	0.171 	0.121 	0.407 
011806 	0.553 	0.173 	0.120 	0.401 
011807 	0.545 	0.171 	0.123 	0.401 
011808 	0.543 	0.155 	0.128 	0.408 
011809 	0.546 	0.147 	0.125 	0.407 
011810 	0.548 	0.152 	0.120 	0.405 
011811 	0.549 	0.161 	0.119 	0.410 
011812 	0.548 	0.167 	0.116 	0.406 
011813 	0.546 	0.173 	0.120 	0.407 
011814 	0.543 	0.175 	0.120 	0.412 
011815 	0.543 	0.175 	0.120 	0.412 
011816 	0.534 	0.188 	0.129 	0.415 
011817 	0.527 	0.199 	0.133 	0.410 
011818 	0.526 	0.214 	0.135 	0.412 
011819 	0.519 	0.224 	0.142 	0.421 
011820 	0.518 	0.231 	0.141 	0.418 
011821 	0.514 	0.229 	0.143 	0.432 
011822 	0.513 	0.228 	0.143 	0.430 
011823 	0.512 	0.233 	0.141 	0.425 
011824 	0.506 	0.240 	0.147 	0.416 
011825 	0.503 	0.235 	0.143 	0.417 
011826 	0.499 	0.229 	0.147 	0.423 
011827 	0.496 	0.221 	0.151 	0.425 
011828 	0.495 	0.215 	0.151 	0.421 
011829 	0.495 	0.212 	0.153 	0.419 
011830 	0.499 	0.214 	0.156 	0.421 
011831 	0.504 	0.218 	0.157 	0.416 
011832 	0.506 	0.223 	0.159 	0.431 
011833 	0.512 	0.238 	0.162 	0.417 
011834 	0.528 	0.245 	0.156 	0.401 
011835 	0.542 	0.247 	0.157 	0.406 
011836 	0.560 	0.257 	0.156 	0.397 
011837 	0.578 	0.266 	0.149 	0.403 
011838 	0.592 	0.269 	0.150 	0.421 
011839 	0.607 	0.271 	0.157 	0.398 
011840 	0.607 	0.271 	0.157 	0.398 
011841 	0.628 	0.280 	0.148 	0.383 
011842 	0.651 	0.287 	0.144 	0.356 
011843 	0.675 	0.272 	0.141 	0.359 
011844 	0.701 	0.259 	0.135 	0.352 
011845 	0.723 	0.225 	0.147 	0.377 
011846 	0.755 	0.228 	0.139 	0.370 
011847 	0.777 	0.228 	0.143 	0.373 
011848 	0.797 	0.224 	0.137 	0.387 
011849 	0.819 	0.236 	0.125 	0.371 
011850 	0.830 	0.233 	0.129 	0.375 
011851 	0.834 	0.227 	0.128 	0.390 

WORD START END ASDSCORE
AND 0.10 0.46 8.6
THE 0.46 0.60 3.0
POETS 0.60 1.10 7.0
WHO 1.10 1.20 5.4
PERFORMED 1.20 1.85 5.0
ENCOURAGED 1.85 2.31 6.3
ME 2.31 2.43 5.7
TO 2.43 2.49 3.5
SHARE 2.49 2.71 0.9
MY 2.71 2.89 2.7
STORIES 2.89 3.31 7.3
AS 3.31 3.44 10.1
WELL 3.44 3.64 10.5
NEVER 4.02 4.22 5.5
MIND 4.22 4.44 7.7
THE 4.44 4.50 8.9
FACT 4.50 4.72 9.8
THAT 4.72 4.81 8.6
I 4.81 4.86 8.9
WAS 4.86 5.05 7.7
14 5.05 5.69 7.4
THEY 5.99 6.13 5.2
TOLD 6.13 6.39 7.0
ME 6.39 6.65 8.8
WRITE 7.01 7.19 6.9
ABOUT 7.19 7.39 9.6
BEING 7.39 7.60 9.3
14 7.60 8.17 4.5
SO 9.09 9.20 1.6
I 9.20 9.29 3.5
DID 9.29 9.59 4.7
AND 9.62 9.77 6.5
STOOD 9.77 10.04 7.5
AMAZED 10.04 10.57 8.4
EVERY 10.57 10.91 9.3
WEEK 10.91 11.13 8.7
WHEN 11.13 11.28 7.5
THESE 11.28 11.58 7.1
BRILLIANT 11.78 12.48 9.1
GROWN 12.67 13.01 10.4
UP 13.01 13.20 10.7
POETS 13.20 13.56 10.1
LAUGHED 13.56 13.93 9.3
WITH 13.93 14.06 9.4
ME 14.06 14.29 9.7
AND 14.29 14.48 10.2
GROANED 14.48 14.82 10.5
THEIR 14.82 14.98 8.7
SYMPATHY 14.98 15.58 5.4
AND 15.58 15.71 5.1
CLAPPED 15.71 16.44 6.6
AND 16.44 16.58 7.4
TOLD 16.58 16.76 9.4
ME 16.76 16.87 10.2
HEY 16.87 17.25 10.1
I 17.57 17.73 9.7
REALLY 17.73 17.94 8.0
FELT 17.94 18.19 6.6
THAT 18.19 18.44 9.8
TOO 18.44 18.66 6.9
NOW 19.55 19.67 5.0
I 19.67 19.81 8.7
CAN 19.81 19.96 9.3
DIVIDE 19.96 20.44 10.6
MY 20.44 20.84 10.2
SPOKEN 21.50 21.94 3.8
WORD 21.94 22.28 5.7
JOURNEY 22.28 22.86 2.9
INTO 22.93 23.14 6.3
THREE 23.14 23.42 5.7
STEPS 23.42 23.97 7.2
