Text:  YOU SEE HIM ON 60 MINUTES RACING MICHAEL PHELPS IN A POOL NOTHING BUT SWIM TRUNKS 
Conf:  4
Ref:   0snNB1yS3IE

FRAME 	X 	Y 	W 	H 
016762 	0.442 	0.204 	0.172 	0.432 
016763 	0.442 	0.203 	0.174 	0.427 
016764 	0.443 	0.205 	0.175 	0.416 
016765 	0.443 	0.205 	0.175 	0.416 
016766 	0.445 	0.206 	0.174 	0.416 
016767 	0.447 	0.209 	0.171 	0.424 
016768 	0.451 	0.217 	0.169 	0.425 
016769 	0.453 	0.222 	0.169 	0.426 
016770 	0.455 	0.223 	0.169 	0.426 
016771 	0.453 	0.216 	0.170 	0.434 
016772 	0.450 	0.206 	0.171 	0.442 
016773 	0.445 	0.203 	0.173 	0.434 
016774 	0.444 	0.201 	0.176 	0.432 
016775 	0.443 	0.199 	0.174 	0.433 
016776 	0.440 	0.197 	0.174 	0.433 
016777 	0.437 	0.197 	0.174 	0.429 
016778 	0.436 	0.195 	0.174 	0.423 
016779 	0.434 	0.193 	0.175 	0.426 
016780 	0.436 	0.188 	0.169 	0.442 
016781 	0.435 	0.183 	0.168 	0.454 
016782 	0.433 	0.185 	0.171 	0.442 
016783 	0.430 	0.194 	0.175 	0.423 
016784 	0.432 	0.198 	0.174 	0.424 
016785 	0.434 	0.202 	0.172 	0.427 
016786 	0.435 	0.201 	0.173 	0.427 
016787 	0.434 	0.201 	0.172 	0.423 
016788 	0.433 	0.193 	0.174 	0.428 
016789 	0.433 	0.189 	0.172 	0.428 
016790 	0.433 	0.189 	0.172 	0.428 
016791 	0.432 	0.189 	0.173 	0.426 
016792 	0.432 	0.191 	0.173 	0.425 
016793 	0.432 	0.191 	0.172 	0.427 
016794 	0.429 	0.191 	0.172 	0.427 
016795 	0.427 	0.189 	0.173 	0.430 
016796 	0.427 	0.190 	0.172 	0.424 
016797 	0.426 	0.190 	0.173 	0.426 
016798 	0.425 	0.188 	0.172 	0.426 
016799 	0.425 	0.186 	0.171 	0.427 
016800 	0.425 	0.185 	0.172 	0.428 
016801 	0.424 	0.185 	0.171 	0.424 
016802 	0.424 	0.185 	0.170 	0.422 
016803 	0.425 	0.186 	0.170 	0.416 
016804 	0.423 	0.192 	0.173 	0.406 
016805 	0.425 	0.196 	0.169 	0.420 
016806 	0.425 	0.197 	0.170 	0.418 
016807 	0.424 	0.189 	0.171 	0.417 
016808 	0.421 	0.180 	0.173 	0.423 
016809 	0.420 	0.176 	0.173 	0.427 
016810 	0.418 	0.178 	0.172 	0.426 
016811 	0.417 	0.182 	0.172 	0.424 
016812 	0.417 	0.184 	0.171 	0.421 
016813 	0.417 	0.181 	0.171 	0.431 
016814 	0.421 	0.179 	0.168 	0.428 
016815 	0.421 	0.179 	0.168 	0.428 
016816 	0.419 	0.174 	0.170 	0.439 
016817 	0.419 	0.174 	0.171 	0.434 
016818 	0.417 	0.177 	0.173 	0.427 
016819 	0.416 	0.178 	0.173 	0.420 
016820 	0.416 	0.180 	0.174 	0.414 
016821 	0.415 	0.180 	0.174 	0.415 
016822 	0.415 	0.182 	0.173 	0.419 
016823 	0.416 	0.183 	0.171 	0.431 
016824 	0.415 	0.182 	0.172 	0.421 
016825 	0.415 	0.176 	0.173 	0.417 
016826 	0.413 	0.173 	0.172 	0.420 
016827 	0.414 	0.171 	0.171 	0.428 
016828 	0.414 	0.173 	0.171 	0.427 
016829 	0.414 	0.173 	0.171 	0.429 
016830 	0.411 	0.171 	0.172 	0.428 
016831 	0.410 	0.171 	0.173 	0.427 
016832 	0.410 	0.174 	0.173 	0.427 
016833 	0.408 	0.182 	0.169 	0.428 
016834 	0.409 	0.177 	0.173 	0.426 
016835 	0.407 	0.173 	0.172 	0.427 
016836 	0.406 	0.173 	0.172 	0.423 
016837 	0.403 	0.173 	0.173 	0.427 
016838 	0.402 	0.173 	0.173 	0.427 
016839 	0.400 	0.174 	0.174 	0.426 
016840 	0.400 	0.174 	0.174 	0.426 
016841 	0.399 	0.175 	0.172 	0.424 
016842 	0.398 	0.177 	0.172 	0.420 
016843 	0.397 	0.176 	0.172 	0.425 
016844 	0.394 	0.175 	0.172 	0.430 
016845 	0.396 	0.169 	0.169 	0.440 
016846 	0.403 	0.156 	0.170 	0.461 
016847 	0.417 	0.152 	0.163 	0.455 
016848 	0.424 	0.160 	0.155 	0.448 
016849 	0.429 	0.159 	0.156 	0.435 
016850 	0.433 	0.155 	0.155 	0.431 
016851 	0.436 	0.160 	0.158 	0.431 
016852 	0.438 	0.159 	0.158 	0.447 
016853 	0.436 	0.166 	0.161 	0.444 
016854 	0.427 	0.175 	0.165 	0.437 
016855 	0.428 	0.186 	0.167 	0.424 
016856 	0.426 	0.185 	0.171 	0.427 
016857 	0.429 	0.186 	0.168 	0.428 
016858 	0.429 	0.188 	0.166 	0.423 
016859 	0.430 	0.193 	0.165 	0.413 
016860 	0.433 	0.197 	0.165 	0.413 
016861 	0.436 	0.198 	0.167 	0.420 
016862 	0.436 	0.203 	0.170 	0.422 
016863 	0.439 	0.206 	0.170 	0.423 
016864 	0.440 	0.201 	0.168 	0.417 
016865 	0.440 	0.201 	0.168 	0.417 
016866 	0.437 	0.188 	0.167 	0.418 
016867 	0.432 	0.180 	0.166 	0.415 
016868 	0.425 	0.183 	0.166 	0.413 
016869 	0.419 	0.192 	0.169 	0.422 
016870 	0.421 	0.206 	0.169 	0.408 
016871 	0.421 	0.212 	0.169 	0.414 
016872 	0.419 	0.205 	0.170 	0.413 
016873 	0.416 	0.195 	0.171 	0.426 
016874 	0.415 	0.188 	0.170 	0.440 
016875 	0.413 	0.190 	0.169 	0.440 
016876 	0.406 	0.196 	0.172 	0.427 
016877 	0.405 	0.197 	0.173 	0.419 
016878 	0.402 	0.199 	0.173 	0.416 
016879 	0.400 	0.191 	0.173 	0.424 
016880 	0.398 	0.186 	0.172 	0.441 
016881 	0.396 	0.184 	0.171 	0.445 
016882 	0.398 	0.178 	0.172 	0.439 
016883 	0.408 	0.182 	0.173 	0.418 
016884 	0.428 	0.183 	0.167 	0.416 

WORD START END ASDSCORE
YOU 0.06 0.25 5.0
SEE 0.25 0.57 5.5
HIM 0.57 0.78 5.5
ON 0.78 0.99 5.1
60 0.99 1.41 6.2
MINUTES 1.41 1.74 9.0
RACING 1.74 2.11 8.4
MICHAEL 2.11 2.37 5.5
PHELPS 2.37 2.72 9.8
IN 2.72 2.79 10.0
A 2.79 2.83 8.9
POOL 2.83 3.24 7.7
NOTHING 3.57 3.99 8.0
BUT 3.99 4.15 7.3
SWIM 4.15 4.44 6.4
TRUNKS 4.44 4.78 11.4
