Text:  WORK SHE'S DOING SHE CAN CREATE POEMS THAT ONLY CHARLOTTE CAN WRITE ABOUT EYEBALLS AND ELEVATORS AND DORA THE EXPLORER AND I'M TRYING TO TELL STORIES ONLY I CAN TELL LIKE THIS STORY I SPENT A LOT OF TIME THINKING ABOUT THE BEST WAY TO TELL THIS STORY AND I WONDERED IF THE BEST WAY WAS GOING TO BE A POWERPOINT A SHORT FILM AND WHERE EXACTLY WAS THE BEGINNING THE MIDDLE OR THE END I WONDERED WHETHER I'D GET TO THE END OF THIS TALK AND FINALLY HAVE FIGURED IT ALL OUT OR NOT AND I ALWAYS THOUGHT THAT MY BEGINNING WAS AT THE BOWERY POETRY CLUB BUT IT'S POSSIBLE THAT IT WAS MUCH EARLIER IN PREPARING FOR TED I DISCOVERED THIS 
Conf:  4
Ref:   0snNB1yS3IE

FRAME 	X 	Y 	W 	H 
021254 	0.473 	0.224 	0.148 	0.393 
021255 	0.485 	0.199 	0.147 	0.407 
021256 	0.493 	0.184 	0.151 	0.418 
021257 	0.504 	0.177 	0.154 	0.421 
021258 	0.520 	0.182 	0.149 	0.408 
021259 	0.534 	0.178 	0.145 	0.395 
021260 	0.546 	0.172 	0.144 	0.409 
021261 	0.556 	0.167 	0.147 	0.408 
021262 	0.571 	0.166 	0.145 	0.412 
021263 	0.582 	0.168 	0.143 	0.406 
021264 	0.589 	0.169 	0.144 	0.400 
021265 	0.589 	0.169 	0.144 	0.400 
021266 	0.600 	0.166 	0.147 	0.404 
021267 	0.612 	0.164 	0.145 	0.403 
021268 	0.618 	0.159 	0.147 	0.403 
021269 	0.627 	0.162 	0.146 	0.401 
021270 	0.635 	0.158 	0.144 	0.403 
021271 	0.638 	0.149 	0.143 	0.426 
021272 	0.640 	0.147 	0.142 	0.434 
021273 	0.642 	0.147 	0.141 	0.428 
021274 	0.643 	0.146 	0.140 	0.432 
021275 	0.641 	0.143 	0.139 	0.431 
021276 	0.640 	0.142 	0.138 	0.425 
021277 	0.641 	0.142 	0.133 	0.427 
021278 	0.636 	0.139 	0.137 	0.425 
021279 	0.635 	0.140 	0.134 	0.422 
021280 	0.633 	0.145 	0.131 	0.401 
021281 	0.624 	0.147 	0.134 	0.397 
021282 	0.616 	0.148 	0.133 	0.394 
021283 	0.606 	0.146 	0.131 	0.390 
021284 	0.593 	0.148 	0.131 	0.380 
021285 	0.587 	0.144 	0.128 	0.391 
021286 	0.582 	0.135 	0.127 	0.393 
021287 	0.573 	0.139 	0.128 	0.386 
021288 	0.566 	0.141 	0.133 	0.386 
021289 	0.554 	0.138 	0.129 	0.395 
021290 	0.554 	0.138 	0.129 	0.395 
021291 	0.547 	0.141 	0.127 	0.395 
021292 	0.546 	0.138 	0.125 	0.406 
021293 	0.548 	0.137 	0.123 	0.410 
021294 	0.548 	0.142 	0.124 	0.411 
021295 	0.549 	0.151 	0.126 	0.408 
021296 	0.548 	0.161 	0.127 	0.393 
021297 	0.544 	0.155 	0.126 	0.403 
021298 	0.542 	0.152 	0.126 	0.407 
021299 	0.538 	0.142 	0.127 	0.404 
021300 	0.534 	0.139 	0.133 	0.407 
021301 	0.531 	0.137 	0.136 	0.410 
021302 	0.528 	0.139 	0.135 	0.422 
021303 	0.524 	0.135 	0.138 	0.435 
021304 	0.521 	0.130 	0.139 	0.446 
021305 	0.515 	0.131 	0.141 	0.427 
021306 	0.509 	0.129 	0.141 	0.427 
021307 	0.502 	0.131 	0.144 	0.417 
021308 	0.491 	0.126 	0.146 	0.414 
021309 	0.485 	0.127 	0.145 	0.410 
021310 	0.478 	0.127 	0.147 	0.397 
021311 	0.474 	0.119 	0.148 	0.405 
021312 	0.467 	0.114 	0.155 	0.414 
021313 	0.465 	0.110 	0.158 	0.420 
021314 	0.465 	0.106 	0.157 	0.422 
021315 	0.465 	0.106 	0.157 	0.422 
021316 	0.465 	0.096 	0.157 	0.438 
021317 	0.467 	0.085 	0.158 	0.445 
021318 	0.471 	0.084 	0.154 	0.451 
021319 	0.474 	0.081 	0.153 	0.441 
021320 	0.476 	0.089 	0.153 	0.421 
021321 	0.478 	0.090 	0.154 	0.417 
021322 	0.475 	0.093 	0.157 	0.398 
021323 	0.479 	0.095 	0.153 	0.402 
021324 	0.482 	0.098 	0.152 	0.411 
021325 	0.487 	0.105 	0.152 	0.416 
021326 	0.490 	0.109 	0.149 	0.423 
021327 	0.491 	0.107 	0.150 	0.424 
021328 	0.492 	0.111 	0.151 	0.423 
021329 	0.489 	0.125 	0.155 	0.421 
021330 	0.486 	0.128 	0.158 	0.440 
021331 	0.482 	0.132 	0.160 	0.443 
021332 	0.480 	0.133 	0.163 	0.435 
021333 	0.478 	0.133 	0.168 	0.432 
021334 	0.478 	0.138 	0.169 	0.427 
021335 	0.478 	0.141 	0.171 	0.422 
021336 	0.479 	0.150 	0.170 	0.421 
021337 	0.481 	0.160 	0.169 	0.416 
021338 	0.482 	0.165 	0.166 	0.412 
021339 	0.481 	0.166 	0.169 	0.422 
021340 	0.481 	0.166 	0.169 	0.422 
021341 	0.477 	0.167 	0.169 	0.428 
021342 	0.473 	0.166 	0.173 	0.436 
021343 	0.466 	0.158 	0.171 	0.463 
021344 	0.467 	0.162 	0.170 	0.467 
021345 	0.466 	0.163 	0.171 	0.464 
021346 	0.466 	0.166 	0.171 	0.455 
021347 	0.464 	0.164 	0.172 	0.453 
021348 	0.462 	0.159 	0.173 	0.459 
021349 	0.462 	0.157 	0.171 	0.460 
021350 	0.461 	0.159 	0.172 	0.460 
021351 	0.460 	0.159 	0.171 	0.462 
021352 	0.462 	0.158 	0.171 	0.466 
021353 	0.461 	0.152 	0.169 	0.474 
021354 	0.459 	0.151 	0.172 	0.476 
021355 	0.455 	0.153 	0.176 	0.454 
021356 	0.457 	0.163 	0.176 	0.430 
021357 	0.455 	0.156 	0.176 	0.432 
021358 	0.453 	0.147 	0.176 	0.434 
021359 	0.451 	0.139 	0.175 	0.441 
021360 	0.444 	0.119 	0.178 	0.470 
021361 	0.442 	0.120 	0.176 	0.476 
021362 	0.442 	0.129 	0.178 	0.467 
021363 	0.442 	0.139 	0.176 	0.463 
021364 	0.451 	0.173 	0.167 	0.441 
021365 	0.451 	0.173 	0.167 	0.441 
021366 	0.457 	0.196 	0.164 	0.424 
021367 	0.460 	0.206 	0.157 	0.423 
021368 	0.461 	0.221 	0.151 	0.424 
021369 	0.454 	0.221 	0.152 	0.433 
021370 	0.444 	0.225 	0.150 	0.421 
021371 	0.434 	0.227 	0.150 	0.423 
021372 	0.426 	0.231 	0.148 	0.405 
021373 	0.415 	0.229 	0.148 	0.395 
021374 	0.401 	0.216 	0.152 	0.403 
021375 	0.392 	0.207 	0.152 	0.405 
021376 	0.387 	0.196 	0.145 	0.414 
021377 	0.388 	0.186 	0.138 	0.411 
021378 	0.391 	0.183 	0.136 	0.408 
021379 	0.394 	0.182 	0.131 	0.406 
021380 	0.396 	0.183 	0.127 	0.394 
021381 	0.401 	0.194 	0.120 	0.392 
021382 	0.401 	0.193 	0.116 	0.388 
021383 	0.393 	0.197 	0.115 	0.389 
021384 	0.392 	0.192 	0.113 	0.409 
021385 	0.387 	0.195 	0.113 	0.404 
021386 	0.383 	0.193 	0.114 	0.418 
021387 	0.377 	0.203 	0.114 	0.417 
021388 	0.374 	0.201 	0.115 	0.422 
021389 	0.365 	0.212 	0.119 	0.404 
021390 	0.365 	0.212 	0.119 	0.404 
021391 	0.357 	0.210 	0.120 	0.410 
021392 	0.346 	0.211 	0.119 	0.410 
021393 	0.330 	0.207 	0.122 	0.408 
021394 	0.319 	0.214 	0.126 	0.411 
021395 	0.310 	0.204 	0.132 	0.395 
021396 	0.292 	0.206 	0.138 	0.394 
021397 	0.280 	0.210 	0.130 	0.394 
021398 	0.267 	0.202 	0.134 	0.413 
021399 	0.259 	0.209 	0.134 	0.408 
021400 	0.247 	0.216 	0.135 	0.410 
021401 	0.233 	0.222 	0.140 	0.412 
021402 	0.226 	0.232 	0.137 	0.406 
021403 	0.217 	0.232 	0.138 	0.416 
021404 	0.209 	0.239 	0.140 	0.404 
021405 	0.201 	0.237 	0.143 	0.408 
021406 	0.196 	0.234 	0.145 	0.411 
021407 	0.190 	0.228 	0.144 	0.410 
021408 	0.186 	0.220 	0.145 	0.406 
021409 	0.183 	0.219 	0.147 	0.404 
021410 	0.184 	0.216 	0.147 	0.409 
021411 	0.185 	0.209 	0.145 	0.422 
021412 	0.185 	0.206 	0.146 	0.425 
021413 	0.184 	0.207 	0.146 	0.427 
021414 	0.183 	0.206 	0.149 	0.425 
021415 	0.183 	0.206 	0.149 	0.425 
021416 	0.182 	0.208 	0.149 	0.417 
021417 	0.183 	0.208 	0.150 	0.417 
021418 	0.181 	0.207 	0.152 	0.417 
021419 	0.178 	0.210 	0.154 	0.420 
021420 	0.175 	0.209 	0.154 	0.419 
021421 	0.174 	0.210 	0.154 	0.424 
021422 	0.171 	0.208 	0.158 	0.433 
021423 	0.171 	0.212 	0.157 	0.434 
021424 	0.169 	0.205 	0.160 	0.443 
021425 	0.165 	0.203 	0.162 	0.449 
021426 	0.162 	0.209 	0.160 	0.444 
021427 	0.156 	0.206 	0.160 	0.446 
021428 	0.146 	0.208 	0.166 	0.437 
021429 	0.141 	0.208 	0.165 	0.429 
021430 	0.136 	0.206 	0.166 	0.428 
021431 	0.132 	0.197 	0.166 	0.430 
021432 	0.127 	0.190 	0.169 	0.433 
021433 	0.119 	0.174 	0.176 	0.451 
021434 	0.122 	0.165 	0.173 	0.461 
021435 	0.121 	0.156 	0.176 	0.467 
021436 	0.124 	0.148 	0.176 	0.468 
021437 	0.129 	0.142 	0.173 	0.473 
021438 	0.134 	0.139 	0.175 	0.471 
021439 	0.140 	0.134 	0.176 	0.479 
021440 	0.140 	0.134 	0.176 	0.479 
021441 	0.147 	0.136 	0.178 	0.470 
021442 	0.155 	0.130 	0.181 	0.477 
021443 	0.170 	0.135 	0.181 	0.458 
021444 	0.189 	0.145 	0.180 	0.440 
021445 	0.206 	0.149 	0.177 	0.438 
021446 	0.216 	0.151 	0.177 	0.438 
021447 	0.235 	0.171 	0.171 	0.431 
021448 	0.243 	0.175 	0.172 	0.437 
021449 	0.247 	0.157 	0.173 	0.471 
021450 	0.257 	0.156 	0.174 	0.469 
021451 	0.266 	0.156 	0.175 	0.453 
021452 	0.275 	0.152 	0.174 	0.448 
021453 	0.280 	0.150 	0.175 	0.442 
021454 	0.286 	0.150 	0.176 	0.438 
021455 	0.294 	0.150 	0.178 	0.441 
021456 	0.299 	0.146 	0.177 	0.443 
021457 	0.305 	0.143 	0.176 	0.445 
021458 	0.307 	0.140 	0.176 	0.442 
021459 	0.309 	0.138 	0.176 	0.440 
021460 	0.310 	0.141 	0.175 	0.440 
021461 	0.311 	0.139 	0.175 	0.442 
021462 	0.314 	0.137 	0.173 	0.445 
021463 	0.317 	0.137 	0.172 	0.456 
021464 	0.317 	0.138 	0.171 	0.452 
021465 	0.317 	0.138 	0.171 	0.452 
021466 	0.314 	0.141 	0.173 	0.453 
021467 	0.310 	0.141 	0.175 	0.448 
021468 	0.307 	0.140 	0.175 	0.449 
021469 	0.306 	0.142 	0.176 	0.443 
021470 	0.302 	0.145 	0.177 	0.443 
021471 	0.302 	0.144 	0.173 	0.449 
021472 	0.295 	0.143 	0.174 	0.441 
021473 	0.292 	0.143 	0.175 	0.435 
021474 	0.286 	0.143 	0.176 	0.434 
021475 	0.280 	0.145 	0.177 	0.438 
021476 	0.273 	0.146 	0.176 	0.445 
021477 	0.266 	0.145 	0.174 	0.459 
021478 	0.260 	0.144 	0.175 	0.470 
021479 	0.253 	0.146 	0.175 	0.469 
021480 	0.246 	0.146 	0.177 	0.463 
021481 	0.244 	0.148 	0.177 	0.458 
021482 	0.241 	0.151 	0.178 	0.454 
021483 	0.242 	0.153 	0.178 	0.457 
021484 	0.242 	0.155 	0.179 	0.458 
021485 	0.241 	0.160 	0.180 	0.459 
021486 	0.242 	0.162 	0.179 	0.465 
021487 	0.244 	0.163 	0.177 	0.471 
021488 	0.244 	0.164 	0.176 	0.470 
021489 	0.248 	0.164 	0.173 	0.466 
021490 	0.248 	0.164 	0.173 	0.466 
021491 	0.249 	0.165 	0.176 	0.464 
021492 	0.252 	0.163 	0.175 	0.460 
021493 	0.254 	0.161 	0.176 	0.454 
021494 	0.253 	0.160 	0.179 	0.449 
021495 	0.254 	0.158 	0.179 	0.449 
021496 	0.255 	0.160 	0.179 	0.448 
021497 	0.257 	0.162 	0.178 	0.442 
021498 	0.257 	0.160 	0.176 	0.442 
021499 	0.259 	0.159 	0.174 	0.451 
021500 	0.261 	0.161 	0.172 	0.454 
021501 	0.265 	0.167 	0.173 	0.453 
021502 	0.270 	0.172 	0.171 	0.451 
021503 	0.272 	0.182 	0.173 	0.448 
021504 	0.275 	0.192 	0.172 	0.449 
021505 	0.277 	0.209 	0.173 	0.434 
021506 	0.279 	0.206 	0.171 	0.436 
021507 	0.280 	0.207 	0.171 	0.436 
021508 	0.280 	0.201 	0.171 	0.445 
021509 	0.277 	0.207 	0.170 	0.438 
021510 	0.273 	0.190 	0.172 	0.453 
021511 	0.268 	0.180 	0.172 	0.457 
021512 	0.267 	0.171 	0.173 	0.457 
021513 	0.261 	0.158 	0.176 	0.460 
021514 	0.259 	0.153 	0.176 	0.457 
021515 	0.259 	0.153 	0.176 	0.457 
021516 	0.256 	0.152 	0.174 	0.455 
021517 	0.254 	0.152 	0.172 	0.464 
021518 	0.253 	0.156 	0.170 	0.467 
021519 	0.256 	0.166 	0.166 	0.456 
021520 	0.250 	0.159 	0.170 	0.468 
021521 	0.249 	0.156 	0.172 	0.474 
021522 	0.249 	0.153 	0.171 	0.476 
021523 	0.247 	0.151 	0.171 	0.477 
021524 	0.246 	0.150 	0.170 	0.477 
021525 	0.246 	0.148 	0.171 	0.478 
021526 	0.244 	0.151 	0.172 	0.470 
021527 	0.243 	0.156 	0.177 	0.461 
021528 	0.242 	0.157 	0.177 	0.448 
021529 	0.244 	0.150 	0.180 	0.449 
021530 	0.249 	0.149 	0.180 	0.448 
021531 	0.256 	0.153 	0.179 	0.447 
021532 	0.260 	0.154 	0.175 	0.442 
021533 	0.262 	0.155 	0.175 	0.436 
021534 	0.274 	0.161 	0.169 	0.423 
021535 	0.278 	0.153 	0.168 	0.436 
021536 	0.273 	0.146 	0.167 	0.449 
021537 	0.274 	0.141 	0.166 	0.461 
021538 	0.271 	0.138 	0.169 	0.456 
021539 	0.271 	0.139 	0.170 	0.444 
021540 	0.271 	0.139 	0.170 	0.444 
021541 	0.269 	0.143 	0.174 	0.430 
021542 	0.270 	0.145 	0.173 	0.426 
021543 	0.272 	0.145 	0.172 	0.428 
021544 	0.273 	0.142 	0.171 	0.444 
021545 	0.277 	0.139 	0.169 	0.452 
021546 	0.279 	0.139 	0.168 	0.455 
021547 	0.283 	0.138 	0.166 	0.450 
021548 	0.291 	0.154 	0.161 	0.427 
021549 	0.296 	0.151 	0.160 	0.426 
021550 	0.305 	0.160 	0.150 	0.408 
021551 	0.311 	0.152 	0.150 	0.428 
021552 	0.319 	0.153 	0.146 	0.425 
021553 	0.324 	0.150 	0.143 	0.427 
021554 	0.330 	0.149 	0.142 	0.432 
021555 	0.332 	0.149 	0.143 	0.431 
021556 	0.336 	0.150 	0.141 	0.433 
021557 	0.339 	0.154 	0.139 	0.417 
021558 	0.340 	0.150 	0.139 	0.423 
021559 	0.342 	0.148 	0.139 	0.437 
021560 	0.345 	0.148 	0.138 	0.433 
021561 	0.347 	0.154 	0.136 	0.416 
021562 	0.349 	0.156 	0.136 	0.411 
021563 	0.352 	0.152 	0.134 	0.416 
021564 	0.355 	0.154 	0.135 	0.410 
021565 	0.355 	0.154 	0.135 	0.410 
021566 	0.363 	0.163 	0.131 	0.406 
021567 	0.365 	0.167 	0.134 	0.411 
021568 	0.367 	0.165 	0.130 	0.424 
021569 	0.370 	0.167 	0.130 	0.412 
021570 	0.372 	0.163 	0.126 	0.410 
021571 	0.373 	0.162 	0.129 	0.420 
021572 	0.372 	0.161 	0.131 	0.411 
021573 	0.373 	0.157 	0.131 	0.422 
021574 	0.377 	0.157 	0.129 	0.428 
021575 	0.378 	0.155 	0.125 	0.429 
021576 	0.380 	0.154 	0.127 	0.431 
021577 	0.380 	0.156 	0.127 	0.419 
021578 	0.380 	0.155 	0.128 	0.412 
021579 	0.381 	0.155 	0.126 	0.417 
021580 	0.383 	0.160 	0.128 	0.416 
021581 	0.388 	0.158 	0.128 	0.425 
021582 	0.391 	0.153 	0.127 	0.416 
021583 	0.393 	0.153 	0.128 	0.403 
021584 	0.396 	0.151 	0.127 	0.409 
021585 	0.399 	0.159 	0.130 	0.407 
021586 	0.404 	0.163 	0.129 	0.407 
021587 	0.408 	0.167 	0.127 	0.406 
021588 	0.412 	0.161 	0.125 	0.410 
021589 	0.416 	0.155 	0.123 	0.409 
021590 	0.416 	0.155 	0.123 	0.409 
021591 	0.419 	0.141 	0.128 	0.422 
021592 	0.424 	0.146 	0.125 	0.416 
021593 	0.423 	0.144 	0.129 	0.421 
021594 	0.422 	0.148 	0.130 	0.408 
021595 	0.412 	0.136 	0.141 	0.433 
021596 	0.400 	0.125 	0.154 	0.445 
021597 	0.395 	0.125 	0.157 	0.443 
021598 	0.387 	0.125 	0.162 	0.443 
021599 	0.386 	0.124 	0.164 	0.449 
021600 	0.378 	0.113 	0.169 	0.450 
021601 	0.376 	0.110 	0.172 	0.447 
021602 	0.377 	0.109 	0.174 	0.445 
021603 	0.379 	0.110 	0.174 	0.444 
021604 	0.379 	0.114 	0.174 	0.440 
021605 	0.381 	0.115 	0.175 	0.440 
021606 	0.380 	0.115 	0.176 	0.437 
021607 	0.378 	0.114 	0.176 	0.436 
021608 	0.377 	0.115 	0.177 	0.436 
021609 	0.376 	0.116 	0.177 	0.442 
021610 	0.376 	0.118 	0.175 	0.446 
021611 	0.376 	0.118 	0.172 	0.448 
021612 	0.374 	0.115 	0.172 	0.453 
021613 	0.369 	0.115 	0.173 	0.458 
021614 	0.364 	0.119 	0.174 	0.456 
021615 	0.364 	0.119 	0.174 	0.456 
021616 	0.361 	0.117 	0.171 	0.457 
021617 	0.354 	0.117 	0.174 	0.453 
021618 	0.352 	0.122 	0.174 	0.438 
021619 	0.345 	0.125 	0.173 	0.426 
021620 	0.339 	0.128 	0.176 	0.422 
021621 	0.330 	0.135 	0.177 	0.426 
021622 	0.317 	0.134 	0.176 	0.441 
021623 	0.312 	0.148 	0.173 	0.443 
021624 	0.312 	0.177 	0.169 	0.425 
021625 	0.305 	0.198 	0.168 	0.424 
021626 	0.300 	0.207 	0.166 	0.422 
021627 	0.296 	0.210 	0.166 	0.427 
021628 	0.291 	0.209 	0.168 	0.422 
021629 	0.283 	0.189 	0.171 	0.442 
021630 	0.280 	0.191 	0.173 	0.436 
021631 	0.277 	0.181 	0.177 	0.436 
021632 	0.279 	0.175 	0.175 	0.430 
021633 	0.283 	0.167 	0.175 	0.433 
021634 	0.287 	0.164 	0.174 	0.437 
021635 	0.293 	0.160 	0.173 	0.438 
021636 	0.299 	0.153 	0.173 	0.447 
021637 	0.302 	0.150 	0.175 	0.442 
021638 	0.309 	0.144 	0.173 	0.444 
021639 	0.315 	0.140 	0.171 	0.443 
021640 	0.315 	0.140 	0.171 	0.443 
021641 	0.320 	0.144 	0.172 	0.441 
021642 	0.324 	0.143 	0.173 	0.443 
021643 	0.326 	0.140 	0.174 	0.448 
021644 	0.330 	0.141 	0.174 	0.449 
021645 	0.332 	0.139 	0.176 	0.450 
021646 	0.339 	0.155 	0.176 	0.435 
021647 	0.341 	0.144 	0.177 	0.451 
021648 	0.344 	0.136 	0.177 	0.461 
021649 	0.346 	0.125 	0.174 	0.467 
021650 	0.345 	0.115 	0.173 	0.466 
021651 	0.346 	0.122 	0.174 	0.444 
021652 	0.345 	0.125 	0.175 	0.440 
021653 	0.348 	0.129 	0.175 	0.433 
021654 	0.354 	0.135 	0.176 	0.435 
021655 	0.355 	0.134 	0.176 	0.446 
021656 	0.357 	0.140 	0.175 	0.455 
021657 	0.362 	0.145 	0.172 	0.455 
021658 	0.359 	0.146 	0.173 	0.453 
021659 	0.355 	0.146 	0.172 	0.453 
021660 	0.352 	0.144 	0.172 	0.457 
021661 	0.350 	0.154 	0.172 	0.445 
021662 	0.349 	0.158 	0.170 	0.440 
021663 	0.346 	0.153 	0.168 	0.446 
021664 	0.345 	0.151 	0.165 	0.444 
021665 	0.345 	0.151 	0.165 	0.444 
021666 	0.342 	0.153 	0.168 	0.441 
021667 	0.339 	0.148 	0.166 	0.443 
021668 	0.339 	0.151 	0.163 	0.432 
021669 	0.335 	0.150 	0.165 	0.432 
021670 	0.325 	0.145 	0.165 	0.441 
021671 	0.318 	0.141 	0.165 	0.446 
021672 	0.310 	0.144 	0.167 	0.436 
021673 	0.299 	0.149 	0.168 	0.429 
021674 	0.291 	0.139 	0.169 	0.424 
021675 	0.284 	0.143 	0.170 	0.429 
021676 	0.283 	0.146 	0.168 	0.431 
021677 	0.284 	0.147 	0.167 	0.440 
021678 	0.290 	0.151 	0.165 	0.437 
021679 	0.292 	0.156 	0.167 	0.433 
021680 	0.298 	0.166 	0.163 	0.428 
021681 	0.303 	0.168 	0.162 	0.426 
021682 	0.306 	0.169 	0.164 	0.428 
021683 	0.309 	0.172 	0.162 	0.426 
021684 	0.311 	0.170 	0.163 	0.429 
021685 	0.316 	0.166 	0.163 	0.433 
021686 	0.320 	0.162 	0.161 	0.428 
021687 	0.323 	0.157 	0.160 	0.436 
021688 	0.324 	0.157 	0.161 	0.435 
021689 	0.324 	0.157 	0.162 	0.440 
021690 	0.324 	0.157 	0.162 	0.440 
021691 	0.326 	0.158 	0.161 	0.446 
021692 	0.327 	0.157 	0.161 	0.444 
021693 	0.328 	0.153 	0.161 	0.450 
021694 	0.328 	0.156 	0.160 	0.448 
021695 	0.325 	0.158 	0.159 	0.446 
021696 	0.324 	0.161 	0.160 	0.443 
021697 	0.323 	0.166 	0.157 	0.435 
021698 	0.320 	0.168 	0.153 	0.427 
021699 	0.313 	0.161 	0.157 	0.436 
021700 	0.305 	0.141 	0.162 	0.454 
021701 	0.298 	0.137 	0.163 	0.453 
021702 	0.286 	0.139 	0.168 	0.450 
021703 	0.277 	0.137 	0.172 	0.439 
021704 	0.270 	0.136 	0.174 	0.434 
021705 	0.264 	0.133 	0.174 	0.441 
021706 	0.255 	0.133 	0.174 	0.450 
021707 	0.250 	0.136 	0.174 	0.451 
021708 	0.244 	0.140 	0.177 	0.453 
021709 	0.239 	0.147 	0.178 	0.448 
021710 	0.229 	0.143 	0.180 	0.450 
021711 	0.226 	0.144 	0.177 	0.448 
021712 	0.223 	0.146 	0.175 	0.448 
021713 	0.224 	0.140 	0.171 	0.456 
021714 	0.224 	0.137 	0.172 	0.459 
021715 	0.224 	0.137 	0.172 	0.459 
021716 	0.224 	0.136 	0.172 	0.455 
021717 	0.227 	0.137 	0.176 	0.449 
021718 	0.228 	0.137 	0.176 	0.447 
021719 	0.235 	0.151 	0.175 	0.435 
021720 	0.240 	0.135 	0.175 	0.459 
021721 	0.245 	0.133 	0.176 	0.448 
021722 	0.249 	0.133 	0.181 	0.444 
021723 	0.259 	0.133 	0.181 	0.445 
021724 	0.270 	0.136 	0.180 	0.445 
021725 	0.281 	0.141 	0.176 	0.444 
021726 	0.292 	0.142 	0.174 	0.449 
021727 	0.298 	0.146 	0.172 	0.445 
021728 	0.306 	0.149 	0.171 	0.447 
021729 	0.312 	0.148 	0.170 	0.450 
021730 	0.316 	0.146 	0.171 	0.446 
021731 	0.317 	0.143 	0.170 	0.442 
021732 	0.316 	0.141 	0.172 	0.445 
021733 	0.315 	0.141 	0.171 	0.450 
021734 	0.312 	0.141 	0.171 	0.454 
021735 	0.309 	0.142 	0.171 	0.449 
021736 	0.302 	0.147 	0.175 	0.442 
021737 	0.301 	0.148 	0.173 	0.437 
021738 	0.298 	0.149 	0.176 	0.436 
021739 	0.298 	0.149 	0.176 	0.436 
021740 	0.298 	0.149 	0.176 	0.436 
021741 	0.301 	0.151 	0.173 	0.439 
021742 	0.303 	0.154 	0.173 	0.442 
021743 	0.306 	0.158 	0.172 	0.446 
021744 	0.306 	0.160 	0.171 	0.443 
021745 	0.307 	0.161 	0.169 	0.441 
021746 	0.304 	0.161 	0.172 	0.442 
021747 	0.307 	0.160 	0.169 	0.441 
021748 	0.304 	0.160 	0.172 	0.439 
021749 	0.306 	0.157 	0.172 	0.446 
021750 	0.303 	0.155 	0.173 	0.440 
021751 	0.303 	0.150 	0.171 	0.442 
021752 	0.301 	0.151 	0.174 	0.444 
021753 	0.298 	0.153 	0.175 	0.441 
021754 	0.299 	0.155 	0.173 	0.444 
021755 	0.301 	0.154 	0.172 	0.451 
021756 	0.303 	0.152 	0.172 	0.459 
021757 	0.305 	0.153 	0.169 	0.452 
021758 	0.306 	0.150 	0.170 	0.454 
021759 	0.309 	0.153 	0.171 	0.445 
021760 	0.313 	0.155 	0.171 	0.442 
021761 	0.315 	0.156 	0.172 	0.436 
021762 	0.318 	0.158 	0.171 	0.430 
021763 	0.323 	0.159 	0.171 	0.426 
021764 	0.324 	0.148 	0.172 	0.434 
021765 	0.324 	0.148 	0.172 	0.434 
021766 	0.327 	0.144 	0.174 	0.436 
021767 	0.330 	0.136 	0.173 	0.445 
021768 	0.333 	0.132 	0.172 	0.449 
021769 	0.340 	0.133 	0.172 	0.452 
021770 	0.340 	0.134 	0.169 	0.451 
021771 	0.343 	0.128 	0.169 	0.455 
021772 	0.344 	0.127 	0.168 	0.457 
021773 	0.343 	0.126 	0.168 	0.459 
021774 	0.342 	0.129 	0.166 	0.460 
021775 	0.342 	0.127 	0.167 	0.453 
021776 	0.343 	0.128 	0.166 	0.447 
021777 	0.345 	0.125 	0.165 	0.429 
021778 	0.347 	0.129 	0.164 	0.417 
021779 	0.347 	0.128 	0.164 	0.414 
021780 	0.350 	0.126 	0.160 	0.421 
021781 	0.350 	0.122 	0.159 	0.428 
021782 	0.358 	0.121 	0.150 	0.412 
021783 	0.364 	0.119 	0.145 	0.405 
021784 	0.368 	0.117 	0.143 	0.407 
021785 	0.372 	0.122 	0.138 	0.401 
021786 	0.372 	0.130 	0.138 	0.394 
021787 	0.373 	0.131 	0.137 	0.399 
021788 	0.374 	0.131 	0.134 	0.397 
021789 	0.371 	0.132 	0.134 	0.413 
021790 	0.371 	0.132 	0.134 	0.413 
021791 	0.368 	0.136 	0.133 	0.408 
021792 	0.366 	0.132 	0.135 	0.422 
021793 	0.366 	0.137 	0.135 	0.416 
021794 	0.364 	0.135 	0.135 	0.416 
021795 	0.364 	0.139 	0.136 	0.406 
021796 	0.364 	0.144 	0.135 	0.399 
021797 	0.364 	0.147 	0.132 	0.397 
021798 	0.363 	0.145 	0.132 	0.401 
021799 	0.363 	0.144 	0.132 	0.411 
021800 	0.364 	0.147 	0.131 	0.413 
021801 	0.366 	0.151 	0.129 	0.417 
021802 	0.367 	0.153 	0.127 	0.425 
021803 	0.369 	0.162 	0.125 	0.421 
021804 	0.369 	0.167 	0.124 	0.419 
021805 	0.367 	0.170 	0.126 	0.414 
021806 	0.365 	0.169 	0.128 	0.410 
021807 	0.363 	0.164 	0.132 	0.414 
021808 	0.360 	0.154 	0.136 	0.429 
021809 	0.358 	0.160 	0.133 	0.418 
021810 	0.356 	0.160 	0.136 	0.418 
021811 	0.354 	0.158 	0.137 	0.419 
021812 	0.353 	0.158 	0.137 	0.419 
021813 	0.352 	0.161 	0.138 	0.415 
021814 	0.350 	0.167 	0.140 	0.412 
021815 	0.350 	0.167 	0.140 	0.412 
021816 	0.345 	0.164 	0.143 	0.417 
021817 	0.340 	0.164 	0.145 	0.423 
021818 	0.332 	0.160 	0.149 	0.422 
021819 	0.326 	0.152 	0.153 	0.432 
021820 	0.325 	0.155 	0.153 	0.426 
021821 	0.322 	0.154 	0.154 	0.426 
021822 	0.321 	0.163 	0.158 	0.426 
021823 	0.319 	0.152 	0.158 	0.433 
021824 	0.317 	0.149 	0.160 	0.455 
021825 	0.316 	0.150 	0.161 	0.464 
021826 	0.314 	0.147 	0.161 	0.462 
021827 	0.306 	0.146 	0.165 	0.458 
021828 	0.303 	0.139 	0.166 	0.451 
021829 	0.299 	0.133 	0.169 	0.442 
021830 	0.295 	0.128 	0.170 	0.438 
021831 	0.294 	0.127 	0.171 	0.434 
021832 	0.293 	0.125 	0.173 	0.436 
021833 	0.297 	0.124 	0.172 	0.434 
021834 	0.301 	0.128 	0.169 	0.434 
021835 	0.307 	0.126 	0.169 	0.442 
021836 	0.308 	0.125 	0.170 	0.437 
021837 	0.308 	0.123 	0.172 	0.429 
021838 	0.307 	0.121 	0.172 	0.431 
021839 	0.304 	0.120 	0.172 	0.435 
021840 	0.304 	0.120 	0.172 	0.435 
021841 	0.304 	0.120 	0.171 	0.440 
021842 	0.308 	0.124 	0.171 	0.436 
021843 	0.311 	0.122 	0.171 	0.446 
021844 	0.309 	0.121 	0.171 	0.447 
021845 	0.305 	0.116 	0.171 	0.454 
021846 	0.307 	0.113 	0.169 	0.456 
021847 	0.310 	0.106 	0.168 	0.462 
021848 	0.311 	0.105 	0.170 	0.457 
021849 	0.312 	0.102 	0.170 	0.456 
021850 	0.311 	0.102 	0.171 	0.455 
021851 	0.309 	0.103 	0.170 	0.457 
021852 	0.307 	0.101 	0.171 	0.466 
021853 	0.307 	0.101 	0.169 	0.473 
021854 	0.305 	0.100 	0.169 	0.474 
021855 	0.307 	0.101 	0.170 	0.468 
021856 	0.307 	0.105 	0.170 	0.459 
021857 	0.306 	0.106 	0.170 	0.459 
021858 	0.299 	0.110 	0.172 	0.463 
021859 	0.300 	0.110 	0.164 	0.465 
021860 	0.297 	0.110 	0.165 	0.454 
021861 	0.298 	0.117 	0.166 	0.449 
021862 	0.296 	0.124 	0.170 	0.439 
021863 	0.297 	0.134 	0.176 	0.427 
021864 	0.300 	0.139 	0.177 	0.433 
021865 	0.300 	0.139 	0.177 	0.433 
021866 	0.304 	0.140 	0.177 	0.432 
021867 	0.307 	0.141 	0.178 	0.433 
021868 	0.312 	0.139 	0.177 	0.435 
021869 	0.316 	0.136 	0.175 	0.439 
021870 	0.320 	0.135 	0.174 	0.437 
021871 	0.322 	0.136 	0.174 	0.434 
021872 	0.325 	0.134 	0.174 	0.435 
021873 	0.327 	0.134 	0.177 	0.438 
021874 	0.329 	0.135 	0.178 	0.444 
021875 	0.329 	0.140 	0.178 	0.444 
021876 	0.331 	0.145 	0.176 	0.448 
021877 	0.336 	0.172 	0.175 	0.428 
021878 	0.333 	0.181 	0.174 	0.427 
021879 	0.330 	0.187 	0.175 	0.427 
021880 	0.326 	0.186 	0.173 	0.430 
021881 	0.321 	0.181 	0.172 	0.432 
021882 	0.319 	0.172 	0.172 	0.446 
021883 	0.317 	0.173 	0.172 	0.450 
021884 	0.316 	0.171 	0.168 	0.454 
021885 	0.313 	0.169 	0.168 	0.455 
021886 	0.310 	0.159 	0.167 	0.455 
021887 	0.307 	0.156 	0.168 	0.454 
021888 	0.305 	0.155 	0.170 	0.452 
021889 	0.303 	0.155 	0.169 	0.451 
021890 	0.303 	0.155 	0.169 	0.451 
021891 	0.298 	0.150 	0.172 	0.449 
021892 	0.299 	0.151 	0.172 	0.443 
021893 	0.297 	0.145 	0.170 	0.456 
021894 	0.293 	0.139 	0.168 	0.461 
021895 	0.287 	0.133 	0.170 	0.467 
021896 	0.281 	0.130 	0.170 	0.456 
021897 	0.277 	0.125 	0.171 	0.451 
021898 	0.274 	0.126 	0.174 	0.435 
021899 	0.268 	0.123 	0.177 	0.432 
021900 	0.262 	0.123 	0.181 	0.435 
021901 	0.261 	0.121 	0.180 	0.432 
021902 	0.259 	0.121 	0.179 	0.436 
021903 	0.256 	0.119 	0.178 	0.433 
021904 	0.254 	0.116 	0.179 	0.436 
021905 	0.252 	0.113 	0.178 	0.442 
021906 	0.251 	0.115 	0.176 	0.444 
021907 	0.250 	0.127 	0.175 	0.433 
021908 	0.248 	0.124 	0.173 	0.440 
021909 	0.246 	0.126 	0.173 	0.440 
021910 	0.244 	0.116 	0.175 	0.454 
021911 	0.244 	0.119 	0.173 	0.453 
021912 	0.242 	0.127 	0.172 	0.447 
021913 	0.241 	0.124 	0.172 	0.451 
021914 	0.243 	0.114 	0.169 	0.466 
021915 	0.243 	0.114 	0.169 	0.466 
021916 	0.243 	0.116 	0.169 	0.465 
021917 	0.243 	0.117 	0.169 	0.472 
021918 	0.243 	0.118 	0.170 	0.471 
021919 	0.243 	0.114 	0.170 	0.473 
021920 	0.244 	0.114 	0.170 	0.475 
021921 	0.247 	0.119 	0.172 	0.461 
021922 	0.252 	0.131 	0.174 	0.440 
021923 	0.255 	0.106 	0.175 	0.458 
021924 	0.260 	0.097 	0.177 	0.454 
021925 	0.272 	0.112 	0.178 	0.418 
021926 	0.272 	0.096 	0.181 	0.440 
021927 	0.278 	0.093 	0.186 	0.439 
021928 	0.284 	0.098 	0.184 	0.434 
021929 	0.291 	0.099 	0.184 	0.437 
021930 	0.301 	0.107 	0.181 	0.434 
021931 	0.307 	0.116 	0.179 	0.430 
021932 	0.313 	0.122 	0.176 	0.428 
021933 	0.316 	0.132 	0.177 	0.413 
021934 	0.321 	0.128 	0.176 	0.436 
021935 	0.325 	0.125 	0.173 	0.459 
021936 	0.328 	0.127 	0.174 	0.454 
021937 	0.328 	0.131 	0.177 	0.442 
021938 	0.329 	0.131 	0.177 	0.444 
021939 	0.330 	0.131 	0.176 	0.448 
021940 	0.330 	0.131 	0.176 	0.448 
021941 	0.332 	0.135 	0.175 	0.446 
021942 	0.333 	0.138 	0.172 	0.450 
021943 	0.333 	0.138 	0.171 	0.450 
021944 	0.333 	0.139 	0.171 	0.448 
021945 	0.331 	0.139 	0.173 	0.449 
021946 	0.330 	0.140 	0.173 	0.447 
021947 	0.330 	0.139 	0.173 	0.447 
021948 	0.329 	0.139 	0.173 	0.449 
021949 	0.328 	0.137 	0.173 	0.450 
021950 	0.327 	0.138 	0.173 	0.448 
021951 	0.328 	0.142 	0.173 	0.441 
021952 	0.326 	0.143 	0.173 	0.439 
021953 	0.323 	0.144 	0.172 	0.445 
021954 	0.323 	0.156 	0.170 	0.435 
021955 	0.322 	0.158 	0.169 	0.431 
021956 	0.323 	0.150 	0.166 	0.446 
021957 	0.326 	0.156 	0.164 	0.437 
021958 	0.329 	0.156 	0.161 	0.440 
021959 	0.333 	0.148 	0.158 	0.460 
021960 	0.337 	0.149 	0.154 	0.462 
021961 	0.339 	0.145 	0.155 	0.458 
021962 	0.340 	0.144 	0.151 	0.451 
021963 	0.342 	0.145 	0.148 	0.439 
021964 	0.339 	0.142 	0.152 	0.427 
021965 	0.339 	0.142 	0.152 	0.427 
021966 	0.341 	0.139 	0.150 	0.437 
021967 	0.345 	0.140 	0.145 	0.445 
021968 	0.346 	0.142 	0.145 	0.442 
021969 	0.345 	0.146 	0.143 	0.433 
021970 	0.345 	0.149 	0.141 	0.432 
021971 	0.343 	0.146 	0.141 	0.447 
021972 	0.342 	0.155 	0.140 	0.435 
021973 	0.342 	0.157 	0.140 	0.427 
021974 	0.342 	0.160 	0.141 	0.427 
021975 	0.341 	0.150 	0.142 	0.439 
021976 	0.342 	0.151 	0.143 	0.440 
021977 	0.340 	0.152 	0.146 	0.444 
021978 	0.339 	0.151 	0.147 	0.441 
021979 	0.341 	0.152 	0.145 	0.436 
021980 	0.343 	0.153 	0.145 	0.429 
021981 	0.344 	0.153 	0.143 	0.438 
021982 	0.343 	0.153 	0.145 	0.447 
021983 	0.345 	0.157 	0.144 	0.442 
021984 	0.344 	0.157 	0.145 	0.445 
021985 	0.347 	0.162 	0.142 	0.440 
021986 	0.351 	0.167 	0.141 	0.429 
021987 	0.352 	0.172 	0.143 	0.426 
021988 	0.354 	0.182 	0.142 	0.412 
021989 	0.354 	0.185 	0.143 	0.414 
021990 	0.354 	0.185 	0.143 	0.414 
021991 	0.351 	0.180 	0.144 	0.429 
021992 	0.346 	0.172 	0.145 	0.437 
021993 	0.340 	0.162 	0.147 	0.427 
021994 	0.331 	0.161 	0.149 	0.410 
021995 	0.324 	0.150 	0.149 	0.416 
021996 	0.318 	0.145 	0.151 	0.397 
021997 	0.311 	0.141 	0.154 	0.400 
021998 	0.306 	0.133 	0.158 	0.406 
021999 	0.303 	0.130 	0.158 	0.408 
022000 	0.299 	0.126 	0.161 	0.416 
022001 	0.294 	0.127 	0.164 	0.416 
022002 	0.290 	0.131 	0.167 	0.416 
022003 	0.291 	0.134 	0.165 	0.421 
022004 	0.288 	0.134 	0.167 	0.428 
022005 	0.284 	0.132 	0.166 	0.434 
022006 	0.283 	0.135 	0.166 	0.432 
022007 	0.280 	0.138 	0.166 	0.433 
022008 	0.278 	0.138 	0.167 	0.433 
022009 	0.276 	0.136 	0.166 	0.432 
022010 	0.274 	0.136 	0.167 	0.422 
022011 	0.274 	0.134 	0.168 	0.431 
022012 	0.274 	0.133 	0.165 	0.433 
022013 	0.273 	0.132 	0.165 	0.429 
022014 	0.273 	0.133 	0.167 	0.423 
022015 	0.273 	0.133 	0.167 	0.423 
022016 	0.273 	0.134 	0.167 	0.423 
022017 	0.273 	0.138 	0.167 	0.429 
022018 	0.271 	0.144 	0.166 	0.427 
022019 	0.268 	0.148 	0.168 	0.432 
022020 	0.261 	0.139 	0.171 	0.449 
022021 	0.259 	0.142 	0.171 	0.454 
022022 	0.258 	0.148 	0.171 	0.448 
022023 	0.260 	0.158 	0.171 	0.441 
022024 	0.250 	0.151 	0.170 	0.462 
022025 	0.245 	0.149 	0.172 	0.463 
022026 	0.243 	0.155 	0.171 	0.448 
022027 	0.239 	0.155 	0.172 	0.446 
022028 	0.236 	0.152 	0.173 	0.450 
022029 	0.235 	0.150 	0.174 	0.449 
022030 	0.235 	0.149 	0.175 	0.450 
022031 	0.235 	0.150 	0.173 	0.450 
022032 	0.236 	0.152 	0.172 	0.450 
022033 	0.235 	0.153 	0.172 	0.450 
022034 	0.237 	0.151 	0.171 	0.455 
022035 	0.237 	0.150 	0.173 	0.444 
022036 	0.238 	0.151 	0.174 	0.444 
022037 	0.240 	0.143 	0.173 	0.457 
022038 	0.241 	0.155 	0.173 	0.439 
022039 	0.241 	0.156 	0.174 	0.438 
022040 	0.241 	0.156 	0.174 	0.438 
022041 	0.241 	0.155 	0.173 	0.440 
022042 	0.241 	0.145 	0.172 	0.456 
022043 	0.241 	0.158 	0.174 	0.443 
022044 	0.241 	0.146 	0.171 	0.460 
022045 	0.241 	0.145 	0.171 	0.457 
022046 	0.241 	0.145 	0.171 	0.456 
022047 	0.242 	0.157 	0.172 	0.443 
022048 	0.243 	0.159 	0.172 	0.445 
022049 	0.243 	0.149 	0.172 	0.459 
022050 	0.244 	0.147 	0.171 	0.460 
022051 	0.244 	0.143 	0.172 	0.465 
022052 	0.247 	0.148 	0.174 	0.458 
022053 	0.251 	0.149 	0.175 	0.453 
022054 	0.255 	0.151 	0.174 	0.451 
022055 	0.260 	0.149 	0.172 	0.448 
022056 	0.262 	0.149 	0.178 	0.440 
022057 	0.265 	0.144 	0.178 	0.450 
022058 	0.272 	0.139 	0.174 	0.457 
022059 	0.281 	0.143 	0.173 	0.457 
022060 	0.290 	0.145 	0.172 	0.456 
022061 	0.296 	0.144 	0.175 	0.449 
022062 	0.304 	0.145 	0.178 	0.448 
022063 	0.313 	0.145 	0.175 	0.445 
022064 	0.324 	0.147 	0.172 	0.444 
022065 	0.324 	0.147 	0.172 	0.444 
022066 	0.329 	0.145 	0.176 	0.443 
022067 	0.333 	0.141 	0.181 	0.450 
022068 	0.343 	0.143 	0.178 	0.451 
022069 	0.348 	0.139 	0.175 	0.459 
022070 	0.355 	0.134 	0.178 	0.470 
022071 	0.365 	0.125 	0.176 	0.469 
022072 	0.375 	0.122 	0.176 	0.457 
022073 	0.389 	0.128 	0.177 	0.446 
022074 	0.400 	0.131 	0.179 	0.451 
022075 	0.413 	0.136 	0.176 	0.458 
022076 	0.421 	0.130 	0.177 	0.455 
022077 	0.427 	0.130 	0.179 	0.443 
022078 	0.435 	0.135 	0.176 	0.440 
022079 	0.438 	0.138 	0.180 	0.445 
022080 	0.446 	0.141 	0.181 	0.446 
022081 	0.451 	0.139 	0.180 	0.453 
022082 	0.456 	0.143 	0.177 	0.458 
022083 	0.460 	0.141 	0.180 	0.459 
022084 	0.466 	0.136 	0.182 	0.449 
022085 	0.476 	0.137 	0.177 	0.442 
022086 	0.483 	0.129 	0.176 	0.443 
022087 	0.490 	0.129 	0.180 	0.437 
022088 	0.495 	0.133 	0.180 	0.437 
022089 	0.502 	0.135 	0.177 	0.439 
022090 	0.502 	0.135 	0.177 	0.439 
022091 	0.505 	0.137 	0.176 	0.438 
022092 	0.503 	0.140 	0.177 	0.433 
022093 	0.498 	0.138 	0.179 	0.434 
022094 	0.493 	0.135 	0.179 	0.434 
022095 	0.486 	0.130 	0.181 	0.434 
022096 	0.479 	0.127 	0.179 	0.441 
022097 	0.478 	0.126 	0.174 	0.454 
022098 	0.471 	0.130 	0.172 	0.464 
022099 	0.465 	0.128 	0.171 	0.470 

WORD START END ASDSCORE
WORK 0.09 0.30 8.7
SHE'S 0.30 0.58 7.7
DOING 0.58 0.93 5.4
SHE 1.10 1.40 1.3
CAN 1.40 1.56 2.2
CREATE 1.56 2.00 3.6
POEMS 2.00 2.39 6.6
THAT 2.39 2.58 7.5
ONLY 2.66 2.99 7.0
CHARLOTTE 2.99 3.41 7.7
CAN 3.41 3.54 6.2
WRITE 3.54 3.84 10.5
ABOUT 4.10 4.35 7.3
EYEBALLS 4.35 4.92 7.4
AND 4.92 5.01 7.9
ELEVATORS 5.01 5.66 5.5
AND 5.66 5.75 6.2
DORA 5.75 6.00 6.5
THE 6.00 6.08 7.0
EXPLORER 6.08 6.82 4.1
AND 6.98 7.26 2.9
I'M 7.60 7.75 9.6
TRYING 7.75 8.03 9.0
TO 8.03 8.11 7.8
TELL 8.11 8.31 6.8
STORIES 8.31 8.74 6.3
ONLY 8.74 9.03 6.4
I 9.03 9.17 10.8
CAN 9.17 9.35 9.7
TELL 9.35 9.57 6.6
LIKE 10.21 10.37 3.0
THIS 10.37 10.57 3.5
STORY 10.57 10.92 4.0
I 10.97 11.03 5.1
SPENT 11.03 11.23 4.3
A 11.23 11.26 4.4
LOT 11.26 11.54 5.1
OF 11.54 11.61 5.6
TIME 11.61 11.93 9.8
THINKING 11.93 12.18 6.4
ABOUT 12.18 12.45 4.9
THE 12.45 12.52 5.8
BEST 12.52 12.85 9.0
WAY 12.85 12.99 9.4
TO 12.99 13.06 7.4
TELL 13.06 13.30 4.9
THIS 13.30 13.47 3.8
STORY 13.47 13.80 7.3
AND 13.80 13.91 7.3
I 13.91 13.97 7.8
WONDERED 13.97 14.36 7.0
IF 14.60 14.71 10.5
THE 14.71 14.78 10.2
BEST 14.78 15.07 7.0
WAY 15.07 15.23 5.5
WAS 15.23 15.37 5.4
GOING 15.37 15.49 5.5
TO 15.49 15.56 4.8
BE 15.56 15.75 4.6
A 15.75 15.78 4.6
POWERPOINT 15.78 16.32 4.0
A 16.32 16.59 3.6
SHORT 16.59 16.91 9.5
FILM 16.91 17.33 8.8
AND 17.33 17.52 6.1
WHERE 17.81 18.03 10.9
EXACTLY 18.03 18.44 7.4
WAS 18.44 18.72 5.6
THE 18.72 18.79 7.0
BEGINNING 18.79 19.24 7.7
THE 19.24 19.43 7.7
MIDDLE 19.43 19.81 5.6
OR 19.81 19.99 7.5
THE 19.99 20.12 8.8
END 20.12 20.44 9.9
I 20.85 21.02 8.8
WONDERED 21.02 21.27 5.7
WHETHER 21.27 21.46 4.6
I'D 21.46 21.59 4.0
GET 21.59 21.74 7.6
TO 21.74 21.82 8.0
THE 21.82 21.98 9.0
END 22.02 22.32 8.4
OF 22.32 22.46 6.6
THIS 22.46 22.77 5.0
TALK 22.81 23.14 8.1
AND 23.14 23.24 9.0
FINALLY 23.24 23.52 7.7
HAVE 23.52 23.64 6.1
FIGURED 23.64 23.93 6.2
IT 23.93 24.00 7.4
ALL 24.00 24.22 7.7
OUT 24.22 24.45 9.4
OR 25.38 25.56 5.6
NOT 25.56 25.85 9.7
AND 26.61 26.73 5.9
I 26.73 26.76 5.9
ALWAYS 26.76 26.98 7.9
THOUGHT 26.98 27.15 9.1
THAT 27.15 27.26 8.8
MY 27.26 27.41 7.7
BEGINNING 27.41 27.89 5.9
WAS 27.92 28.06 4.1
AT 28.06 28.14 4.4
THE 28.14 28.20 4.4
BOWERY 28.20 28.49 10.0
POETRY 28.49 28.87 8.4
CLUB 28.87 29.09 7.4
BUT 29.12 29.28 8.3
IT'S 29.28 29.50 8.2
POSSIBLE 29.50 30.04 6.1
THAT 30.04 30.13 4.0
IT 30.37 30.48 8.2
WAS 30.48 30.61 7.1
MUCH 30.61 30.83 6.7
EARLIER 30.85 31.21 4.4
IN 31.95 32.06 7.3
PREPARING 32.06 32.44 7.6
FOR 32.44 32.56 7.8
TED 32.56 32.91 10.3
I 32.91 33.00 11.7
DISCOVERED 33.00 33.48 7.6
THIS 33.48 33.71 8.0
