Text:  THEY'VE LEARNED WHAT THEY'VE FIGURED OUT TO BE TRUE AND WHAT THEY'RE STILL FIGURING OUT SO 
Conf:  3
Ref:   0snNB1yS3IE

FRAME 	X 	Y 	W 	H 
022544 	0.382 	0.133 	0.139 	0.426 
022545 	0.387 	0.137 	0.140 	0.434 
022546 	0.389 	0.140 	0.142 	0.434 
022547 	0.390 	0.143 	0.144 	0.433 
022548 	0.391 	0.142 	0.143 	0.431 
022549 	0.388 	0.143 	0.144 	0.437 
022550 	0.389 	0.144 	0.143 	0.433 
022551 	0.386 	0.142 	0.144 	0.438 
022552 	0.381 	0.141 	0.143 	0.436 
022553 	0.376 	0.149 	0.143 	0.422 
022554 	0.371 	0.151 	0.144 	0.413 
022555 	0.366 	0.156 	0.144 	0.408 
022556 	0.350 	0.146 	0.156 	0.420 
022557 	0.343 	0.138 	0.159 	0.420 
022558 	0.332 	0.138 	0.161 	0.429 
022559 	0.324 	0.135 	0.162 	0.440 
022560 	0.319 	0.132 	0.161 	0.434 
022561 	0.318 	0.131 	0.162 	0.433 
022562 	0.321 	0.131 	0.160 	0.441 
022563 	0.327 	0.142 	0.157 	0.450 
022564 	0.332 	0.150 	0.158 	0.440 
022565 	0.332 	0.150 	0.158 	0.440 
022566 	0.340 	0.159 	0.153 	0.437 
022567 	0.340 	0.163 	0.157 	0.434 
022568 	0.342 	0.176 	0.157 	0.422 
022569 	0.341 	0.185 	0.159 	0.414 
022570 	0.339 	0.187 	0.160 	0.414 
022571 	0.333 	0.182 	0.163 	0.418 
022572 	0.326 	0.175 	0.164 	0.419 
022573 	0.323 	0.162 	0.160 	0.431 
022574 	0.325 	0.154 	0.154 	0.433 
022575 	0.326 	0.139 	0.155 	0.430 
022576 	0.323 	0.126 	0.159 	0.431 
022577 	0.322 	0.116 	0.159 	0.439 
022578 	0.313 	0.117 	0.162 	0.448 
022579 	0.305 	0.119 	0.167 	0.450 
022580 	0.302 	0.120 	0.166 	0.446 
022581 	0.292 	0.115 	0.169 	0.436 
022582 	0.286 	0.115 	0.173 	0.422 
022583 	0.278 	0.113 	0.176 	0.429 
022584 	0.273 	0.118 	0.178 	0.429 
022585 	0.270 	0.118 	0.178 	0.431 
022586 	0.265 	0.123 	0.178 	0.426 
022587 	0.260 	0.119 	0.176 	0.436 
022588 	0.260 	0.134 	0.178 	0.422 
022589 	0.255 	0.132 	0.177 	0.428 
022590 	0.255 	0.132 	0.177 	0.428 
022591 	0.249 	0.136 	0.176 	0.431 
022592 	0.243 	0.140 	0.175 	0.431 
022593 	0.238 	0.143 	0.178 	0.428 
022594 	0.234 	0.141 	0.176 	0.433 
022595 	0.231 	0.143 	0.177 	0.434 
022596 	0.225 	0.136 	0.178 	0.441 
022597 	0.222 	0.139 	0.179 	0.439 
022598 	0.221 	0.137 	0.177 	0.443 
022599 	0.220 	0.138 	0.175 	0.440 
022600 	0.220 	0.139 	0.175 	0.442 
022601 	0.220 	0.138 	0.174 	0.445 
022602 	0.218 	0.139 	0.174 	0.446 
022603 	0.218 	0.141 	0.173 	0.443 
022604 	0.218 	0.141 	0.173 	0.442 
022605 	0.218 	0.139 	0.172 	0.444 
022606 	0.218 	0.142 	0.172 	0.443 
022607 	0.218 	0.140 	0.170 	0.452 
022608 	0.215 	0.135 	0.173 	0.451 
022609 	0.223 	0.150 	0.170 	0.434 
022610 	0.225 	0.159 	0.172 	0.429 
022611 	0.228 	0.174 	0.170 	0.425 
022612 	0.230 	0.179 	0.170 	0.425 
022613 	0.228 	0.179 	0.170 	0.426 
022614 	0.225 	0.171 	0.173 	0.431 
022615 	0.225 	0.171 	0.173 	0.431 
022616 	0.225 	0.159 	0.172 	0.440 
022617 	0.226 	0.155 	0.172 	0.436 
022618 	0.226 	0.153 	0.174 	0.436 
022619 	0.228 	0.152 	0.173 	0.437 
022620 	0.231 	0.151 	0.172 	0.438 
022621 	0.234 	0.155 	0.171 	0.436 
022622 	0.239 	0.163 	0.168 	0.428 
022623 	0.242 	0.167 	0.169 	0.421 
022624 	0.245 	0.165 	0.168 	0.423 
022625 	0.246 	0.166 	0.168 	0.423 
022626 	0.254 	0.173 	0.165 	0.418 
022627 	0.258 	0.178 	0.166 	0.426 
022628 	0.270 	0.175 	0.163 	0.419 
022629 	0.290 	0.161 	0.156 	0.432 
022630 	0.299 	0.153 	0.148 	0.435 
022631 	0.311 	0.153 	0.134 	0.429 
022632 	0.317 	0.154 	0.128 	0.428 
022633 	0.325 	0.158 	0.121 	0.423 
022634 	0.329 	0.150 	0.118 	0.427 
022635 	0.330 	0.148 	0.120 	0.422 
022636 	0.333 	0.150 	0.115 	0.412 
022637 	0.334 	0.148 	0.116 	0.411 
022638 	0.335 	0.154 	0.112 	0.403 
022639 	0.334 	0.153 	0.113 	0.403 
022640 	0.334 	0.153 	0.113 	0.403 
022641 	0.339 	0.148 	0.108 	0.403 
022642 	0.338 	0.137 	0.111 	0.415 
022643 	0.342 	0.136 	0.109 	0.415 
022644 	0.343 	0.137 	0.108 	0.419 
022645 	0.347 	0.139 	0.110 	0.414 
022646 	0.349 	0.135 	0.107 	0.410 
022647 	0.351 	0.134 	0.106 	0.407 
022648 	0.349 	0.128 	0.110 	0.417 
022649 	0.354 	0.130 	0.113 	0.426 
022650 	0.360 	0.141 	0.109 	0.406 
022651 	0.358 	0.139 	0.113 	0.412 

WORD START END ASDSCORE
THEY'VE 0.06 0.26 2.6
LEARNED 0.26 0.48 3.7
WHAT 0.48 0.61 5.9
THEY'VE 0.61 0.87 6.7
FIGURED 1.01 1.46 5.2
OUT 1.46 1.69 10.3
TO 1.69 1.76 10.1
BE 1.76 1.89 8.5
TRUE 1.89 2.25 7.2
AND 2.25 2.38 8.4
WHAT 2.65 2.81 6.0
THEY'RE 2.81 2.92 4.4
STILL 2.92 3.23 4.7
FIGURING 3.23 3.67 4.0
OUT 3.67 3.91 4.4
SO 3.91 4.20 4.3
