Text:  POWDER WHEN I WAS BORN MY MOM SAYS I LOOKED 
Conf:  2
Ref:   0snNB1yS3IE

FRAME 	X 	Y 	W 	H 
023330 	0.410 	0.295 	0.095 	0.221 
023331 	0.401 	0.288 	0.098 	0.229 
023332 	0.395 	0.287 	0.100 	0.232 
023333 	0.392 	0.280 	0.099 	0.237 
023334 	0.391 	0.279 	0.100 	0.232 
023335 	0.389 	0.279 	0.100 	0.228 
023336 	0.389 	0.278 	0.100 	0.226 
023337 	0.390 	0.278 	0.100 	0.225 
023338 	0.391 	0.283 	0.097 	0.222 
023339 	0.389 	0.282 	0.098 	0.224 
023340 	0.389 	0.282 	0.098 	0.224 
023341 	0.389 	0.284 	0.099 	0.225 
023342 	0.390 	0.285 	0.098 	0.225 
023343 	0.389 	0.286 	0.099 	0.223 
023344 	0.388 	0.285 	0.101 	0.220 
023345 	0.390 	0.286 	0.100 	0.219 
023346 	0.392 	0.287 	0.100 	0.218 
023347 	0.395 	0.289 	0.101 	0.219 
023348 	0.399 	0.289 	0.099 	0.219 
023349 	0.401 	0.288 	0.099 	0.223 
023350 	0.402 	0.289 	0.098 	0.221 
023351 	0.403 	0.288 	0.098 	0.221 
023352 	0.405 	0.286 	0.097 	0.220 
023353 	0.405 	0.285 	0.097 	0.223 
023354 	0.407 	0.287 	0.095 	0.222 
023355 	0.409 	0.293 	0.095 	0.221 
023356 	0.410 	0.294 	0.096 	0.220 
023357 	0.410 	0.293 	0.095 	0.219 
023358 	0.411 	0.290 	0.094 	0.219 
023359 	0.410 	0.287 	0.094 	0.220 
023360 	0.409 	0.299 	0.103 	0.208 
023361 	0.410 	0.287 	0.094 	0.221 
023362 	0.411 	0.287 	0.096 	0.219 
023363 	0.409 	0.296 	0.104 	0.206 
023364 	0.409 	0.296 	0.103 	0.203 
023365 	0.409 	0.296 	0.103 	0.203 
023366 	0.409 	0.282 	0.097 	0.226 
023367 	0.407 	0.283 	0.096 	0.226 
023368 	0.403 	0.288 	0.102 	0.197 
023369 	0.403 	0.287 	0.101 	0.188 
023370 	0.405 	0.287 	0.100 	0.189 
023371 	0.406 	0.285 	0.100 	0.187 
023372 	0.405 	0.280 	0.099 	0.187 
023373 	0.404 	0.278 	0.100 	0.192 
023374 	0.404 	0.280 	0.103 	0.203 
023375 	0.405 	0.278 	0.105 	0.207 
023376 	0.403 	0.267 	0.096 	0.221 
023377 	0.400 	0.267 	0.099 	0.218 
023378 	0.399 	0.267 	0.099 	0.218 
023379 	0.398 	0.267 	0.099 	0.220 
023380 	0.395 	0.265 	0.100 	0.218 
023381 	0.396 	0.268 	0.102 	0.206 
023382 	0.393 	0.266 	0.103 	0.207 
023383 	0.393 	0.263 	0.100 	0.204 
023384 	0.389 	0.259 	0.102 	0.206 
023385 	0.387 	0.244 	0.096 	0.229 
023386 	0.387 	0.251 	0.100 	0.203 
023387 	0.384 	0.248 	0.100 	0.201 
023388 	0.382 	0.232 	0.098 	0.234 
023389 	0.380 	0.230 	0.099 	0.238 
023390 	0.380 	0.230 	0.099 	0.238 
023391 	0.379 	0.229 	0.100 	0.241 
023392 	0.374 	0.226 	0.103 	0.250 
023393 	0.376 	0.225 	0.099 	0.247 
023394 	0.373 	0.220 	0.098 	0.240 
023395 	0.376 	0.227 	0.102 	0.214 
023396 	0.375 	0.225 	0.101 	0.211 
023397 	0.374 	0.225 	0.102 	0.210 
023398 	0.370 	0.222 	0.104 	0.210 
023399 	0.367 	0.222 	0.103 	0.209 
023400 	0.362 	0.221 	0.102 	0.208 
023401 	0.359 	0.223 	0.100 	0.199 
023402 	0.354 	0.220 	0.104 	0.201 
023403 	0.351 	0.205 	0.101 	0.215 
023404 	0.349 	0.211 	0.104 	0.206 
023405 	0.348 	0.202 	0.099 	0.222 
023406 	0.348 	0.200 	0.096 	0.225 
023407 	0.350 	0.194 	0.095 	0.232 
023408 	0.356 	0.186 	0.093 	0.233 
023409 	0.362 	0.182 	0.092 	0.231 
023410 	0.367 	0.194 	0.086 	0.210 
023411 	0.365 	0.200 	0.086 	0.203 
023412 	0.365 	0.210 	0.084 	0.199 
023413 	0.367 	0.214 	0.084 	0.200 
023414 	0.371 	0.224 	0.083 	0.201 
023415 	0.371 	0.224 	0.083 	0.201 
023416 	0.376 	0.232 	0.078 	0.196 
023417 	0.378 	0.238 	0.076 	0.200 
023418 	0.378 	0.244 	0.073 	0.206 
023419 	0.375 	0.250 	0.072 	0.212 
023420 	0.377 	0.254 	0.069 	0.215 
023421 	0.378 	0.258 	0.068 	0.208 

WORD START END ASDSCORE
POWDER 0.07 0.41 4.9
WHEN 1.42 1.54 7.3
I 1.54 1.62 7.2
WAS 1.62 1.78 8.2
BORN 1.78 2.20 7.4
MY 2.38 2.48 2.6
MOM 2.48 2.74 7.2
SAYS 2.74 3.11 8.4
I 3.21 3.36 10.2
LOOKED 3.36 3.55 11.1
