Text:  MY FIRST TIME HERE THIS ISN'T MY LAST TIME HERE THESE AREN'T THE LAST WORDS I'LL 
Conf:  1
Ref:   0snNB1yS3IE

FRAME 	X 	Y 	W 	H 
026908 	0.321 	0.093 	0.069 	0.181 
026909 	0.326 	0.098 	0.066 	0.183 
026910 	0.327 	0.099 	0.064 	0.180 
026911 	0.325 	0.102 	0.065 	0.180 
026912 	0.323 	0.101 	0.066 	0.179 
026913 	0.321 	0.099 	0.067 	0.179 
026914 	0.320 	0.096 	0.069 	0.182 
026915 	0.320 	0.096 	0.069 	0.182 
026916 	0.322 	0.096 	0.068 	0.180 
026917 	0.323 	0.095 	0.068 	0.177 
026918 	0.324 	0.096 	0.068 	0.178 
026919 	0.323 	0.094 	0.069 	0.183 
026920 	0.323 	0.095 	0.068 	0.183 
026921 	0.323 	0.094 	0.067 	0.187 
026922 	0.321 	0.094 	0.069 	0.186 
026923 	0.322 	0.094 	0.068 	0.183 
026924 	0.323 	0.092 	0.069 	0.177 
026925 	0.324 	0.092 	0.068 	0.174 
026926 	0.325 	0.093 	0.069 	0.174 
026927 	0.325 	0.095 	0.067 	0.178 
026928 	0.326 	0.096 	0.068 	0.180 
026929 	0.326 	0.097 	0.069 	0.180 
026930 	0.327 	0.097 	0.068 	0.178 
026931 	0.328 	0.096 	0.068 	0.179 
026932 	0.328 	0.097 	0.069 	0.179 
026933 	0.328 	0.097 	0.068 	0.180 
026934 	0.328 	0.097 	0.068 	0.180 
026935 	0.329 	0.097 	0.069 	0.181 
026936 	0.328 	0.097 	0.070 	0.183 
026937 	0.328 	0.097 	0.071 	0.180 
026938 	0.329 	0.097 	0.071 	0.178 
026939 	0.330 	0.097 	0.071 	0.177 
026940 	0.330 	0.097 	0.071 	0.177 
026941 	0.331 	0.093 	0.071 	0.184 
026942 	0.333 	0.096 	0.071 	0.178 
026943 	0.335 	0.098 	0.069 	0.177 
026944 	0.335 	0.097 	0.070 	0.178 
026945 	0.338 	0.096 	0.068 	0.179 
026946 	0.339 	0.096 	0.068 	0.178 
026947 	0.342 	0.096 	0.069 	0.175 
026948 	0.342 	0.097 	0.068 	0.174 
026949 	0.343 	0.096 	0.070 	0.177 
026950 	0.344 	0.099 	0.069 	0.179 
026951 	0.346 	0.097 	0.069 	0.189 
026952 	0.350 	0.101 	0.067 	0.185 
026953 	0.353 	0.106 	0.070 	0.181 
026954 	0.356 	0.111 	0.070 	0.180 
026955 	0.361 	0.118 	0.071 	0.182 
026956 	0.368 	0.116 	0.070 	0.177 
026957 	0.370 	0.112 	0.070 	0.177 
026958 	0.372 	0.105 	0.070 	0.184 
026959 	0.372 	0.099 	0.068 	0.188 
026960 	0.372 	0.096 	0.069 	0.182 
026961 	0.372 	0.089 	0.069 	0.171 
026962 	0.373 	0.085 	0.071 	0.170 
026963 	0.376 	0.083 	0.069 	0.165 
026964 	0.378 	0.079 	0.071 	0.166 
026965 	0.378 	0.079 	0.071 	0.166 
026966 	0.383 	0.077 	0.070 	0.168 
026967 	0.387 	0.078 	0.070 	0.171 
026968 	0.390 	0.082 	0.072 	0.180 
026969 	0.394 	0.085 	0.071 	0.177 
026970 	0.398 	0.081 	0.072 	0.177 
026971 	0.402 	0.082 	0.071 	0.178 
026972 	0.403 	0.084 	0.071 	0.179 
026973 	0.406 	0.083 	0.070 	0.183 
026974 	0.407 	0.082 	0.070 	0.184 
026975 	0.408 	0.081 	0.071 	0.185 
026976 	0.409 	0.081 	0.071 	0.187 
026977 	0.408 	0.080 	0.072 	0.184 
026978 	0.408 	0.080 	0.073 	0.183 
026979 	0.409 	0.079 	0.071 	0.184 
026980 	0.410 	0.083 	0.070 	0.177 
026981 	0.409 	0.082 	0.070 	0.178 
026982 	0.409 	0.081 	0.070 	0.181 
026983 	0.408 	0.083 	0.070 	0.179 
026984 	0.409 	0.084 	0.069 	0.179 
026985 	0.406 	0.085 	0.070 	0.178 
026986 	0.405 	0.086 	0.071 	0.179 
026987 	0.405 	0.087 	0.069 	0.176 
026988 	0.404 	0.089 	0.070 	0.173 
026989 	0.403 	0.088 	0.071 	0.173 
026990 	0.403 	0.088 	0.071 	0.173 
026991 	0.404 	0.087 	0.071 	0.175 
026992 	0.405 	0.087 	0.069 	0.175 
026993 	0.405 	0.085 	0.069 	0.173 
026994 	0.404 	0.082 	0.069 	0.173 
026995 	0.404 	0.076 	0.068 	0.180 
026996 	0.403 	0.073 	0.068 	0.188 
026997 	0.399 	0.071 	0.069 	0.184 
026998 	0.396 	0.073 	0.071 	0.168 
026999 	0.392 	0.072 	0.072 	0.163 
027000 	0.391 	0.071 	0.072 	0.162 
027001 	0.392 	0.071 	0.068 	0.161 
027002 	0.391 	0.070 	0.069 	0.163 
027003 	0.390 	0.069 	0.069 	0.164 
027004 	0.390 	0.069 	0.068 	0.165 
027005 	0.389 	0.071 	0.067 	0.169 
027006 	0.389 	0.072 	0.067 	0.170 
027007 	0.389 	0.073 	0.067 	0.170 
027008 	0.389 	0.072 	0.068 	0.176 
027009 	0.388 	0.072 	0.070 	0.181 
027010 	0.388 	0.076 	0.068 	0.183 
027011 	0.386 	0.080 	0.068 	0.180 
027012 	0.384 	0.082 	0.070 	0.177 
027013 	0.384 	0.082 	0.069 	0.176 
027014 	0.384 	0.085 	0.067 	0.174 
027015 	0.384 	0.085 	0.067 	0.174 
027016 	0.384 	0.084 	0.067 	0.174 

WORD START END ASDSCORE
MY 0.08 0.22 3.6
FIRST 0.22 0.61 7.1
TIME 0.61 0.83 9.5
HERE 0.83 1.08 6.0
THIS 1.32 1.50 3.0
ISN'T 1.50 1.87 6.7
MY 1.87 2.01 6.2
LAST 2.01 2.37 6.3
TIME 2.37 2.61 4.4
HERE 2.61 2.87 4.9
THESE 2.87 3.02 4.9
AREN'T 3.02 3.34 1.4
THE 3.34 3.43 0.0
LAST 3.43 3.82 5.3
WORDS 3.82 4.12 8.9
I'LL 4.12 4.24 11.0
