Text:  THAT IS THE GREATEST PRESENT OF ALL SO IF YOU TELL ME I CAN DO THE IMPOSSIBLE I'LL PROBABLY LAUGH AT YOU I DON'T KNOW IF I CAN CHANGE THE WORLD YET BECAUSE I DON'T KNOW THAT MUCH ABOUT IT AND I DON'T KNOW THAT MUCH ABOUT REINCARNATION EITHER BUT IF YOU MAKE ME LAUGH HARD ENOUGH SOMETIMES I FORGET WHAT CENTURY I'M IN 
Conf:  4
Ref:   0snNB1yS3IE

FRAME 	X 	Y 	W 	H 
026458 	0.469 	0.090 	0.175 	0.455 
026459 	0.468 	0.083 	0.174 	0.475 
026460 	0.464 	0.071 	0.174 	0.487 
026461 	0.461 	0.067 	0.177 	0.478 
026462 	0.458 	0.063 	0.176 	0.471 
026463 	0.461 	0.063 	0.172 	0.464 
026464 	0.465 	0.076 	0.173 	0.450 
026465 	0.465 	0.076 	0.173 	0.450 
026466 	0.466 	0.071 	0.171 	0.453 
026467 	0.463 	0.068 	0.171 	0.448 
026468 	0.456 	0.072 	0.172 	0.431 
026469 	0.442 	0.079 	0.181 	0.411 
026470 	0.428 	0.076 	0.182 	0.407 
026471 	0.418 	0.056 	0.181 	0.434 
026472 	0.405 	0.058 	0.181 	0.429 
026473 	0.396 	0.051 	0.175 	0.438 
026474 	0.389 	0.048 	0.176 	0.442 
026475 	0.386 	0.042 	0.173 	0.444 
026476 	0.381 	0.045 	0.176 	0.434 
026477 	0.374 	0.048 	0.179 	0.428 
026478 	0.368 	0.048 	0.182 	0.428 
026479 	0.362 	0.049 	0.181 	0.444 
026480 	0.363 	0.053 	0.180 	0.452 
026481 	0.373 	0.062 	0.182 	0.447 
026482 	0.389 	0.075 	0.184 	0.435 
026483 	0.400 	0.087 	0.183 	0.440 
026484 	0.409 	0.098 	0.183 	0.450 
026485 	0.418 	0.109 	0.180 	0.443 
026486 	0.423 	0.125 	0.178 	0.435 
026487 	0.426 	0.142 	0.178 	0.435 
026488 	0.431 	0.173 	0.176 	0.405 
026489 	0.432 	0.179 	0.174 	0.420 
026490 	0.432 	0.179 	0.174 	0.420 
026491 	0.430 	0.196 	0.176 	0.420 
026492 	0.423 	0.202 	0.179 	0.411 
026493 	0.414 	0.195 	0.180 	0.424 
026494 	0.402 	0.190 	0.182 	0.423 
026495 	0.394 	0.186 	0.179 	0.428 
026496 	0.386 	0.181 	0.180 	0.428 
026497 	0.383 	0.178 	0.181 	0.425 
026498 	0.379 	0.165 	0.181 	0.424 
026499 	0.375 	0.153 	0.180 	0.437 
026500 	0.372 	0.139 	0.178 	0.461 
026501 	0.370 	0.128 	0.177 	0.457 
026502 	0.369 	0.119 	0.175 	0.458 
026503 	0.367 	0.113 	0.176 	0.453 
026504 	0.359 	0.113 	0.178 	0.445 
026505 	0.355 	0.115 	0.173 	0.445 
026506 	0.341 	0.127 	0.176 	0.436 
026507 	0.331 	0.133 	0.178 	0.423 
026508 	0.314 	0.138 	0.180 	0.436 
026509 	0.299 	0.145 	0.182 	0.435 
026510 	0.284 	0.139 	0.182 	0.424 
026511 	0.278 	0.121 	0.179 	0.430 
026512 	0.271 	0.092 	0.181 	0.450 
026513 	0.264 	0.086 	0.180 	0.454 
026514 	0.252 	0.087 	0.184 	0.455 
026515 	0.252 	0.087 	0.184 	0.455 
026516 	0.241 	0.079 	0.183 	0.463 
026517 	0.230 	0.072 	0.183 	0.466 
026518 	0.221 	0.069 	0.182 	0.461 
026519 	0.211 	0.072 	0.181 	0.463 
026520 	0.201 	0.080 	0.181 	0.454 
026521 	0.184 	0.082 	0.186 	0.452 
026522 	0.173 	0.089 	0.187 	0.444 
026523 	0.162 	0.085 	0.186 	0.453 
026524 	0.164 	0.078 	0.181 	0.459 
026525 	0.170 	0.070 	0.174 	0.467 
026526 	0.169 	0.061 	0.170 	0.481 
026527 	0.169 	0.071 	0.166 	0.468 
026528 	0.167 	0.098 	0.156 	0.438 
026529 	0.158 	0.123 	0.156 	0.416 
026530 	0.153 	0.134 	0.153 	0.406 
026531 	0.154 	0.125 	0.148 	0.414 
026532 	0.162 	0.115 	0.139 	0.410 
026533 	0.167 	0.098 	0.139 	0.400 
026534 	0.173 	0.085 	0.138 	0.413 
026535 	0.179 	0.092 	0.136 	0.419 
026536 	0.188 	0.104 	0.135 	0.408 
026537 	0.203 	0.099 	0.139 	0.408 
026538 	0.215 	0.096 	0.136 	0.395 
026539 	0.223 	0.071 	0.143 	0.418 
026540 	0.223 	0.071 	0.143 	0.418 
026541 	0.238 	0.074 	0.142 	0.407 
026542 	0.253 	0.073 	0.142 	0.418 
026543 	0.253 	0.080 	0.146 	0.422 
026544 	0.237 	0.083 	0.165 	0.430 
026545 	0.231 	0.049 	0.176 	0.471 
026546 	0.233 	0.035 	0.172 	0.499 
026547 	0.234 	0.027 	0.174 	0.493 
026548 	0.241 	0.029 	0.173 	0.467 
026549 	0.245 	0.034 	0.177 	0.456 
026550 	0.249 	0.054 	0.178 	0.446 
026551 	0.252 	0.064 	0.178 	0.446 
026552 	0.253 	0.061 	0.181 	0.444 
026553 	0.255 	0.057 	0.181 	0.445 
026554 	0.256 	0.057 	0.180 	0.448 
026555 	0.260 	0.071 	0.179 	0.446 
026556 	0.264 	0.088 	0.180 	0.447 
026557 	0.266 	0.094 	0.180 	0.446 
026558 	0.269 	0.091 	0.181 	0.454 
026559 	0.268 	0.078 	0.179 	0.457 
026560 	0.263 	0.059 	0.177 	0.457 
026561 	0.253 	0.047 	0.179 	0.458 
026562 	0.249 	0.039 	0.177 	0.467 
026563 	0.245 	0.050 	0.180 	0.475 
026564 	0.243 	0.072 	0.183 	0.479 
026565 	0.243 	0.072 	0.183 	0.479 
026566 	0.246 	0.097 	0.176 	0.464 
026567 	0.248 	0.099 	0.174 	0.466 
026568 	0.243 	0.086 	0.178 	0.474 
026569 	0.241 	0.058 	0.177 	0.493 
026570 	0.233 	0.044 	0.177 	0.494 
026571 	0.225 	0.038 	0.178 	0.491 
026572 	0.222 	0.043 	0.176 	0.495 
026573 	0.218 	0.071 	0.178 	0.478 
026574 	0.215 	0.090 	0.174 	0.476 
026575 	0.212 	0.090 	0.175 	0.476 
026576 	0.204 	0.068 	0.177 	0.497 
026577 	0.202 	0.054 	0.178 	0.500 
026578 	0.200 	0.049 	0.178 	0.501 
026579 	0.202 	0.064 	0.178 	0.488 
026580 	0.208 	0.080 	0.176 	0.486 
026581 	0.211 	0.088 	0.178 	0.476 
026582 	0.211 	0.079 	0.181 	0.458 
026583 	0.205 	0.070 	0.183 	0.447 
026584 	0.202 	0.065 	0.183 	0.456 
026585 	0.196 	0.072 	0.185 	0.455 
026586 	0.200 	0.085 	0.182 	0.460 
026587 	0.202 	0.088 	0.176 	0.479 
026588 	0.200 	0.089 	0.183 	0.462 
026589 	0.199 	0.087 	0.185 	0.454 
026590 	0.199 	0.087 	0.185 	0.454 
026591 	0.201 	0.092 	0.184 	0.451 
026592 	0.203 	0.093 	0.187 	0.454 
026593 	0.207 	0.101 	0.186 	0.447 
026594 	0.213 	0.107 	0.183 	0.447 
026595 	0.216 	0.109 	0.184 	0.453 
026596 	0.217 	0.115 	0.184 	0.450 
026597 	0.216 	0.119 	0.182 	0.448 
026598 	0.221 	0.118 	0.175 	0.464 
026599 	0.223 	0.124 	0.170 	0.471 
026600 	0.225 	0.132 	0.172 	0.468 
026601 	0.222 	0.135 	0.177 	0.464 
026602 	0.221 	0.139 	0.181 	0.454 
026603 	0.222 	0.140 	0.181 	0.452 
026604 	0.236 	0.142 	0.178 	0.458 
026605 	0.242 	0.143 	0.177 	0.465 
026606 	0.246 	0.150 	0.175 	0.463 
026607 	0.249 	0.158 	0.176 	0.463 
026608 	0.249 	0.161 	0.177 	0.462 
026609 	0.250 	0.161 	0.177 	0.461 
026610 	0.251 	0.158 	0.176 	0.460 
026611 	0.251 	0.158 	0.178 	0.461 
026612 	0.261 	0.168 	0.169 	0.442 
026613 	0.254 	0.150 	0.173 	0.471 
026614 	0.255 	0.138 	0.174 	0.477 
026615 	0.255 	0.138 	0.174 	0.477 
026616 	0.259 	0.129 	0.172 	0.476 
026617 	0.264 	0.117 	0.173 	0.484 
026618 	0.273 	0.114 	0.170 	0.481 
026619 	0.280 	0.113 	0.169 	0.473 
026620 	0.286 	0.112 	0.169 	0.476 
026621 	0.290 	0.100 	0.170 	0.478 
026622 	0.293 	0.086 	0.170 	0.487 
026623 	0.297 	0.078 	0.171 	0.479 
026624 	0.295 	0.087 	0.174 	0.452 
026625 	0.294 	0.074 	0.174 	0.457 
026626 	0.291 	0.069 	0.175 	0.448 
026627 	0.290 	0.068 	0.174 	0.442 
026628 	0.293 	0.066 	0.176 	0.446 
026629 	0.295 	0.063 	0.179 	0.454 
026630 	0.301 	0.059 	0.179 	0.466 
026631 	0.300 	0.060 	0.180 	0.456 
026632 	0.305 	0.064 	0.180 	0.454 
026633 	0.308 	0.070 	0.179 	0.452 
026634 	0.314 	0.076 	0.178 	0.455 
026635 	0.314 	0.087 	0.177 	0.456 
026636 	0.316 	0.111 	0.169 	0.446 
026637 	0.319 	0.112 	0.166 	0.469 
026638 	0.319 	0.116 	0.167 	0.470 
026639 	0.320 	0.124 	0.167 	0.464 
026640 	0.320 	0.124 	0.167 	0.464 
026641 	0.319 	0.131 	0.168 	0.456 
026642 	0.319 	0.134 	0.167 	0.457 
026643 	0.320 	0.137 	0.171 	0.450 
026644 	0.320 	0.135 	0.172 	0.457 
026645 	0.322 	0.129 	0.171 	0.466 
026646 	0.322 	0.122 	0.171 	0.466 
026647 	0.322 	0.121 	0.172 	0.454 
026648 	0.321 	0.114 	0.175 	0.455 
026649 	0.320 	0.109 	0.176 	0.457 
026650 	0.318 	0.105 	0.174 	0.455 
026651 	0.316 	0.101 	0.176 	0.453 
026652 	0.315 	0.097 	0.178 	0.455 
026653 	0.314 	0.094 	0.178 	0.455 
026654 	0.315 	0.090 	0.180 	0.459 
026655 	0.318 	0.085 	0.179 	0.460 
026656 	0.320 	0.083 	0.178 	0.460 
026657 	0.322 	0.081 	0.177 	0.461 
026658 	0.325 	0.080 	0.176 	0.463 
026659 	0.325 	0.079 	0.178 	0.465 
026660 	0.327 	0.078 	0.178 	0.465 
026661 	0.327 	0.077 	0.180 	0.468 
026662 	0.326 	0.078 	0.182 	0.467 
026663 	0.324 	0.079 	0.184 	0.464 
026664 	0.324 	0.081 	0.180 	0.457 
026665 	0.324 	0.081 	0.180 	0.457 
026666 	0.318 	0.086 	0.184 	0.457 
026667 	0.318 	0.097 	0.183 	0.455 
026668 	0.324 	0.104 	0.182 	0.456 
026669 	0.325 	0.114 	0.184 	0.447 
026670 	0.330 	0.116 	0.184 	0.449 
026671 	0.341 	0.110 	0.178 	0.460 
026672 	0.348 	0.103 	0.173 	0.481 
026673 	0.349 	0.100 	0.175 	0.483 
026674 	0.354 	0.100 	0.181 	0.465 
026675 	0.362 	0.098 	0.182 	0.459 
026676 	0.370 	0.098 	0.182 	0.456 
026677 	0.379 	0.097 	0.181 	0.455 
026678 	0.384 	0.096 	0.179 	0.458 
026679 	0.393 	0.099 	0.179 	0.454 
026680 	0.402 	0.103 	0.181 	0.449 
026681 	0.409 	0.099 	0.181 	0.458 
026682 	0.417 	0.108 	0.176 	0.453 
026683 	0.416 	0.116 	0.177 	0.447 
026684 	0.415 	0.119 	0.176 	0.445 
026685 	0.413 	0.110 	0.176 	0.456 
026686 	0.415 	0.099 	0.172 	0.463 
026687 	0.413 	0.093 	0.173 	0.463 
026688 	0.414 	0.091 	0.173 	0.463 
026689 	0.414 	0.093 	0.174 	0.459 
026690 	0.414 	0.093 	0.174 	0.459 
026691 	0.413 	0.095 	0.179 	0.461 
026692 	0.420 	0.096 	0.174 	0.451 
026693 	0.425 	0.100 	0.177 	0.449 
026694 	0.431 	0.103 	0.180 	0.445 
026695 	0.445 	0.108 	0.174 	0.439 
026696 	0.452 	0.109 	0.168 	0.441 
026697 	0.465 	0.104 	0.162 	0.433 
026698 	0.474 	0.106 	0.155 	0.423 
026699 	0.477 	0.098 	0.152 	0.435 
026700 	0.481 	0.097 	0.146 	0.433 
026701 	0.482 	0.093 	0.146 	0.437 
026702 	0.484 	0.089 	0.143 	0.441 
026703 	0.482 	0.092 	0.141 	0.434 
026704 	0.478 	0.094 	0.142 	0.436 
026705 	0.478 	0.094 	0.140 	0.433 
026706 	0.474 	0.083 	0.141 	0.456 
026707 	0.471 	0.081 	0.141 	0.460 
026708 	0.469 	0.080 	0.141 	0.459 
026709 	0.466 	0.085 	0.142 	0.442 
026710 	0.461 	0.084 	0.141 	0.445 
026711 	0.459 	0.089 	0.138 	0.442 
026712 	0.452 	0.091 	0.142 	0.438 
026713 	0.445 	0.092 	0.145 	0.431 
026714 	0.439 	0.090 	0.146 	0.432 
026715 	0.439 	0.090 	0.146 	0.432 
026716 	0.432 	0.081 	0.146 	0.444 
026717 	0.426 	0.078 	0.148 	0.446 
026718 	0.429 	0.075 	0.146 	0.451 
026719 	0.437 	0.089 	0.142 	0.453 
026720 	0.456 	0.098 	0.132 	0.445 
026721 	0.464 	0.104 	0.126 	0.444 
026722 	0.455 	0.105 	0.136 	0.461 
026723 	0.451 	0.099 	0.144 	0.470 
026724 	0.450 	0.098 	0.150 	0.457 
026725 	0.466 	0.102 	0.141 	0.438 
026726 	0.477 	0.110 	0.134 	0.453 
026727 	0.491 	0.118 	0.127 	0.458 
026728 	0.493 	0.121 	0.137 	0.455 
026729 	0.502 	0.131 	0.143 	0.449 
026730 	0.513 	0.141 	0.143 	0.440 
026731 	0.526 	0.142 	0.138 	0.441 
026732 	0.541 	0.149 	0.136 	0.434 
026733 	0.552 	0.145 	0.142 	0.428 
026734 	0.561 	0.138 	0.146 	0.436 
026735 	0.574 	0.135 	0.142 	0.419 
026736 	0.577 	0.130 	0.145 	0.425 
026737 	0.586 	0.128 	0.144 	0.434 
026738 	0.595 	0.124 	0.144 	0.436 
026739 	0.602 	0.124 	0.145 	0.419 
026740 	0.602 	0.124 	0.145 	0.419 
026741 	0.611 	0.118 	0.141 	0.431 
026742 	0.616 	0.112 	0.142 	0.440 
026743 	0.619 	0.109 	0.143 	0.442 
026744 	0.625 	0.115 	0.142 	0.428 
026745 	0.625 	0.116 	0.142 	0.430 
026746 	0.627 	0.111 	0.139 	0.431 
026747 	0.625 	0.107 	0.148 	0.433 
026748 	0.623 	0.104 	0.152 	0.435 
026749 	0.622 	0.099 	0.155 	0.433 
026750 	0.625 	0.097 	0.154 	0.443 
026751 	0.629 	0.102 	0.150 	0.443 
026752 	0.630 	0.108 	0.147 	0.437 
026753 	0.631 	0.110 	0.148 	0.441 
026754 	0.631 	0.112 	0.146 	0.442 
026755 	0.629 	0.109 	0.147 	0.450 
026756 	0.629 	0.113 	0.145 	0.444 
026757 	0.627 	0.110 	0.145 	0.446 
026758 	0.623 	0.107 	0.149 	0.446 
026759 	0.616 	0.103 	0.148 	0.444 
026760 	0.609 	0.099 	0.148 	0.449 
026761 	0.605 	0.098 	0.146 	0.455 
026762 	0.600 	0.100 	0.143 	0.455 
026763 	0.596 	0.102 	0.140 	0.443 
026764 	0.592 	0.101 	0.133 	0.436 
026765 	0.592 	0.101 	0.133 	0.436 
026766 	0.583 	0.110 	0.138 	0.421 
026767 	0.576 	0.108 	0.141 	0.424 
026768 	0.568 	0.106 	0.138 	0.427 
026769 	0.563 	0.096 	0.139 	0.458 
026770 	0.554 	0.101 	0.141 	0.450 
026771 	0.551 	0.102 	0.138 	0.438 
026772 	0.546 	0.103 	0.136 	0.434 
026773 	0.538 	0.102 	0.137 	0.439 
026774 	0.532 	0.091 	0.138 	0.448 
026775 	0.523 	0.087 	0.141 	0.442 
026776 	0.522 	0.081 	0.137 	0.442 
026777 	0.520 	0.086 	0.137 	0.438 
026778 	0.514 	0.090 	0.136 	0.432 
026779 	0.508 	0.090 	0.139 	0.439 
026780 	0.501 	0.095 	0.141 	0.438 
026781 	0.495 	0.096 	0.140 	0.423 
026782 	0.486 	0.103 	0.140 	0.418 
026783 	0.479 	0.094 	0.144 	0.432 
026784 	0.471 	0.090 	0.150 	0.428 
026785 	0.467 	0.081 	0.155 	0.433 
026786 	0.463 	0.079 	0.159 	0.430 
026787 	0.461 	0.072 	0.159 	0.429 
026788 	0.454 	0.057 	0.166 	0.443 
026789 	0.451 	0.053 	0.167 	0.440 
026790 	0.451 	0.053 	0.167 	0.440 
026791 	0.449 	0.043 	0.169 	0.451 
026792 	0.452 	0.037 	0.167 	0.454 
026793 	0.456 	0.033 	0.166 	0.456 
026794 	0.459 	0.034 	0.165 	0.444 
026795 	0.459 	0.034 	0.168 	0.433 
026796 	0.458 	0.029 	0.169 	0.420 
026797 	0.460 	0.026 	0.170 	0.418 
026798 	0.459 	0.030 	0.169 	0.416 
026799 	0.460 	0.033 	0.171 	0.430 
026800 	0.459 	0.039 	0.171 	0.432 
026801 	0.459 	0.043 	0.169 	0.435 
026802 	0.456 	0.057 	0.171 	0.437 
026803 	0.456 	0.071 	0.169 	0.443 
026804 	0.452 	0.056 	0.171 	0.484 
026805 	0.451 	0.055 	0.171 	0.494 
026806 	0.450 	0.048 	0.170 	0.497 
026807 	0.449 	0.040 	0.170 	0.487 
026808 	0.448 	0.059 	0.170 	0.448 
026809 	0.449 	0.055 	0.170 	0.444 
026810 	0.442 	0.042 	0.173 	0.467 
026811 	0.446 	0.049 	0.172 	0.483 
026812 	0.444 	0.059 	0.174 	0.484 
026813 	0.446 	0.070 	0.173 	0.473 
026814 	0.448 	0.080 	0.172 	0.463 
026815 	0.448 	0.080 	0.172 	0.463 
026816 	0.443 	0.053 	0.175 	0.479 
026817 	0.443 	0.052 	0.174 	0.470 
026818 	0.444 	0.051 	0.174 	0.472 
026819 	0.445 	0.053 	0.173 	0.479 
026820 	0.446 	0.075 	0.172 	0.464 
026821 	0.447 	0.097 	0.171 	0.449 
026822 	0.448 	0.110 	0.172 	0.438 
026823 	0.445 	0.117 	0.173 	0.432 
026824 	0.445 	0.116 	0.172 	0.433 
026825 	0.444 	0.106 	0.173 	0.441 
026826 	0.436 	0.076 	0.177 	0.467 
026827 	0.439 	0.068 	0.179 	0.456 
026828 	0.439 	0.066 	0.179 	0.453 
026829 	0.443 	0.086 	0.177 	0.435 
026830 	0.439 	0.064 	0.176 	0.461 
026831 	0.438 	0.063 	0.175 	0.473 
026832 	0.441 	0.059 	0.173 	0.483 
026833 	0.450 	0.069 	0.169 	0.471 
026834 	0.458 	0.080 	0.164 	0.459 
026835 	0.462 	0.086 	0.162 	0.436 
026836 	0.465 	0.084 	0.158 	0.432 
026837 	0.468 	0.087 	0.154 	0.428 
026838 	0.468 	0.087 	0.153 	0.431 
026839 	0.470 	0.085 	0.153 	0.437 
026840 	0.470 	0.085 	0.153 	0.437 
026841 	0.472 	0.080 	0.152 	0.455 
026842 	0.467 	0.078 	0.153 	0.454 
026843 	0.459 	0.070 	0.158 	0.461 
026844 	0.441 	0.038 	0.171 	0.489 
026845 	0.433 	0.046 	0.172 	0.477 
026846 	0.430 	0.058 	0.174 	0.465 
026847 	0.429 	0.071 	0.166 	0.446 
026848 	0.424 	0.075 	0.166 	0.447 
026849 	0.420 	0.076 	0.165 	0.448 
026850 	0.412 	0.076 	0.166 	0.451 
026851 	0.409 	0.081 	0.162 	0.449 
026852 	0.404 	0.071 	0.163 	0.454 
026853 	0.398 	0.066 	0.162 	0.458 
026854 	0.394 	0.055 	0.163 	0.454 
026855 	0.395 	0.060 	0.158 	0.443 
026856 	0.390 	0.058 	0.159 	0.438 
026857 	0.388 	0.057 	0.155 	0.428 
026858 	0.387 	0.054 	0.152 	0.418 
026859 	0.386 	0.049 	0.150 	0.422 
026860 	0.384 	0.062 	0.151 	0.417 
026861 	0.383 	0.092 	0.151 	0.409 
026862 	0.387 	0.120 	0.146 	0.406 
026863 	0.385 	0.126 	0.154 	0.430 
026864 	0.385 	0.121 	0.150 	0.431 
026865 	0.385 	0.121 	0.150 	0.431 
026866 	0.380 	0.108 	0.147 	0.431 
026867 	0.380 	0.102 	0.141 	0.434 
026868 	0.376 	0.097 	0.140 	0.420 
026869 	0.371 	0.097 	0.141 	0.423 
026870 	0.365 	0.107 	0.143 	0.408 
026871 	0.359 	0.113 	0.143 	0.404 
026872 	0.351 	0.123 	0.138 	0.397 
026873 	0.344 	0.129 	0.137 	0.410 
026874 	0.338 	0.135 	0.135 	0.425 
026875 	0.334 	0.142 	0.128 	0.435 
026876 	0.331 	0.144 	0.125 	0.427 
026877 	0.329 	0.149 	0.121 	0.427 
026878 	0.325 	0.143 	0.121 	0.430 
026879 	0.323 	0.147 	0.122 	0.429 
026880 	0.321 	0.147 	0.121 	0.436 
026881 	0.319 	0.152 	0.120 	0.427 
026882 	0.319 	0.157 	0.118 	0.419 
026883 	0.319 	0.153 	0.119 	0.424 
026884 	0.320 	0.151 	0.118 	0.426 
026885 	0.318 	0.152 	0.119 	0.429 
026886 	0.320 	0.151 	0.118 	0.433 
026887 	0.321 	0.146 	0.118 	0.439 
026888 	0.322 	0.143 	0.118 	0.443 
026889 	0.321 	0.146 	0.119 	0.438 

WORD START END ASDSCORE
THAT 0.08 0.52 11.7
IS 0.52 0.65 6.3
THE 0.65 0.74 6.1
GREATEST 0.74 1.30 9.1
PRESENT 1.30 1.62 8.5
OF 1.62 1.73 7.5
ALL 1.73 1.95 8.1
SO 1.95 2.10 7.0
IF 2.10 2.22 3.8
YOU 2.22 2.36 3.6
TELL 2.36 2.62 5.3
ME 2.62 2.82 7.0
I 2.82 2.94 7.2
CAN 2.94 3.11 6.0
DO 3.11 3.30 2.9
THE 3.30 3.42 1.6
IMPOSSIBLE 3.42 4.21 4.9
I'LL 4.96 5.13 7.1
PROBABLY 5.13 5.62 7.7
LAUGH 5.62 5.94 1.9
AT 5.94 6.02 3.6
YOU 6.02 6.29 7.2
I 6.64 6.75 8.1
DON'T 6.75 6.91 8.1
KNOW 6.91 7.09 7.9
IF 7.09 7.22 8.2
I 7.22 7.33 8.7
CAN 7.33 7.47 8.2
CHANGE 7.47 7.81 7.8
THE 7.81 7.92 8.1
WORLD 7.92 8.27 7.1
YET 8.51 8.85 6.7
BECAUSE 8.98 9.19 5.8
I 9.19 9.30 8.2
DON'T 9.30 9.44 9.0
KNOW 9.44 9.57 3.7
THAT 9.57 9.73 1.0
MUCH 9.73 9.93 4.4
ABOUT 9.93 10.24 9.7
IT 10.24 10.41 8.8
AND 10.53 10.65 6.9
I 10.65 10.72 6.2
DON'T 10.72 10.97 4.4
KNOW 10.97 11.10 2.8
THAT 11.10 11.27 7.6
MUCH 11.27 11.47 8.6
ABOUT 11.47 11.69 6.4
REINCARNATION 11.69 12.58 7.9
EITHER 12.62 12.99 8.6
BUT 12.99 13.12 6.1
IF 13.12 13.23 6.4
YOU 13.23 13.34 7.8
MAKE 13.34 13.63 7.5
ME 13.63 13.83 6.7
LAUGH 13.83 14.21 7.7
HARD 14.21 14.43 9.0
ENOUGH 14.43 14.67 9.6
SOMETIMES 14.67 15.40 12.2
I 15.57 15.66 10.1
FORGET 15.66 16.00 10.8
WHAT 16.00 16.16 10.8
CENTURY 16.16 16.76 7.2
I'M 16.76 16.96 6.9
IN 16.96 17.15 7.3
